workp_id,log,lat,area,meshblock
63,8420780.98,547379.27,522.52,Aunuu
70,8420856.28,547435.01,450.75,Aunuu
93,8421021.58,547465.61,373.76,Aunuu
182,8416295.19,527365.51,320.73,Mesepa
190,8416338.94,527540.23,362.78,Mesepa
201,8416353.06,527470.52,1529.49,Mesepa
202,8416373.78,527211.62,314.20,Mesepa
232,8416447.75,527455.01,371.79,Mesepa
287,8416548.28,527709.06,778.12,Mesepa
291,8416593.81,527640.89,778.07,Mesepa
293,8416673.43,527877.13,232.88,Mesepa
297,8416700.43,527822.69,389.55,Mesepa
298,8416691.21,527920.89,1313.36,Mesepa
299,8416704.74,527892.18,555.35,Mesepa
300,8416599.24,527728.45,9668.26,Mesepa
303,8416728.14,527870.81,264.36,Mesepa
304,8416745.08,527996.49,63.83,Mesepa
306,8416749.23,527804.79,178.20,Mesepa
307,8416748.10,527859.98,277.65,Mesepa
310,8416781.04,527922.35,1608.49,Mesepa
311,8416843.95,527947.27,150.95,Mesepa
312,8416846.32,527870.86,904.62,Mesepa
314,8416858.01,527941.93,291.03,Mesepa
315,8416876.05,527875.77,84.83,Mesepa
316,8416874.92,527925.77,315.19,Mesepa
317,8416897.92,527928.24,127.62,Mesepa
319,8416910.01,527907.92,290.07,Mesepa
320,8416908.69,528132.72,397.69,Mesepa
322,8416965.70,528000.86,301.60,Mesepa
325,8416995.74,528145.17,766.42,Mesepa
340,8416473.93,527198.00,891.12,Mesepa
341,8416459.78,527208.79,495.60,Mesepa
342,8417002.23,528160.76,2656.78,Mesepa
348,8416305.17,527301.50,552.74,Mesepa
353,8416294.99,527365.79,328.61,Mesepa
358,8414616.57,524704.72,476.11,Malaeloa/Aitulagi
367,8414551.35,524411.58,492.49,Malaeloa/Aitulagi
388,8414620.30,524097.58,408.27,Malaeloa/Aitulagi
399,8414662.55,524592.73,375.61,Malaeloa/Aitulagi
401,8414660.27,524320.84,580.66,Malaeloa/Aitulagi
405,8414670.69,524295.40,341.98,Malaeloa/Aitulagi
406,8414676.32,524265.47,1030.20,Malaeloa/Aitulagi
407,8414676.26,525140.36,755.93,Malaeloa/Aitulagi
410,8414686.44,524235.85,435.89,Malaeloa/Aitulagi
415,8414692.73,524638.70,378.51,Malaeloa/Aitulagi
419,8414711.53,525072.78,328.65,Malaeloa/Aitulagi
422,8414730.32,524403.81,304.23,Malaeloa/Aitulagi
424,8414726.21,524707.61,335.77,Malaeloa/Aitulagi
426,8414730.70,524147.39,324.76,Malaeloa/Aitulagi
437,8414749.55,524318.51,385.72,Malaeloa/Aitulagi
441,8414754.41,524350.22,405.03,Malaeloa/Aitulagi
444,8414754.26,525083.43,476.26,Malaeloa/Aitulagi
445,8414758.37,524689.52,357.89,Malaeloa/Aitulagi
454,8414778.93,524939.98,437.16,Malaeloa/Aitulagi
457,8414784.71,524153.09,404.64,Malaeloa/Aitulagi
459,8414796.41,524845.77,337.01,Malaeloa/Aitulagi
468,8414799.19,524194.10,782.69,Malaeloa/Aitulagi
473,8414810.71,525067.69,316.35,Malaeloa/Aitulagi
478,8414818.82,524949.19,409.25,Malaeloa/Aitulagi
486,8414833.92,524356.13,349.70,Malaeloa/Aitulagi
498,8414896.53,524990.03,567.86,Malaeloa/Aitulagi
508,8414982.79,525075.53,307.52,Malaeloa/Aitulagi
517,8415284.87,525809.47,360.82,Malaeloa/Aitulagi
531,8414939.09,525586.47,478.52,Malaeloa/Aitulagi
532,8415320.52,525728.26,478.52,Malaeloa/Aitulagi
533,8416331.56,525730.60,1944.58,Malaeloa/Aitulagi
534,8416682.71,525659.10,1759.60,Malaeloa/Aitulagi
535,8416618.99,525676.10,1759.60,Malaeloa/Aitulagi
536,8416818.09,525596.58,1628.76,Malaeloa/Aitulagi
537,8416895.45,525583.30,1082.83,Malaeloa/Aitulagi
538,8416908.19,525661.89,1082.83,Malaeloa/Aitulagi
539,8416969.79,525634.28,1082.83,Malaeloa/Aitulagi
540,8416906.14,525746.32,1502.43,Malaeloa/Aitulagi
541,8416756.57,525797.41,1376.10,Malaeloa/Aitulagi
542,8416900.51,525867.65,566.23,Malaeloa/Aitulagi
543,8417029.52,525288.85,390.39,Malaeloa/Aitulagi
552,8414510.10,526426.52,338.19,Pavaiai
554,8414564.19,526332.79,396.06,Pavaiai
555,8414568.32,526420.91,181.60,Pavaiai
557,8414586.67,526539.33,328.78,Pavaiai
558,8414597.67,526472.39,573.85,Pavaiai
573,8414718.14,526490.92,310.73,Pavaiai
576,8414749.98,526313.63,330.55,Pavaiai
580,8414771.82,526298.04,307.86,Pavaiai
584,8414789.65,526286.37,233.19,Pavaiai
587,8414812.26,526270.12,350.40,Pavaiai
589,8414825.85,526464.63,400.11,Pavaiai
591,8414832.54,526247.36,302.90,Pavaiai
596,8414849.04,526219.18,326.09,Pavaiai
597,8414852.29,526546.50,319.23,Pavaiai
600,8414861.79,526499.43,332.64,Pavaiai
601,8414864.77,526189.53,315.47,Pavaiai
602,8414869.58,526559.29,261.45,Pavaiai
625,8414942.81,526102.04,379.74,Pavaiai
627,8414949.97,526600.74,346.67,Pavaiai
629,8414958.39,526491.59,316.83,Pavaiai
632,8414977.62,526546.04,117.81,Pavaiai
633,8414980.18,526733.49,130.40,Pavaiai
635,8414985.43,526531.51,102.98,Pavaiai
636,8414975.69,526667.47,1396.06,Pavaiai
637,8414990.21,526706.82,348.00,Pavaiai
640,8414999.05,526768.27,393.72,Pavaiai
641,8414998.95,526645.58,919.20,Pavaiai
644,8415016.23,526782.27,324.11,Pavaiai
646,8415018.66,526692.51,685.01,Pavaiai
649,8415024.43,526734.93,810.96,Pavaiai
653,8415049.38,526611.12,425.79,Pavaiai
655,8415045.09,526764.42,854.23,Pavaiai
656,8415054.67,526392.99,356.93,Pavaiai
659,8415060.13,527129.42,622.06,Pavaiai
660,8415065.88,526577.91,420.19,Pavaiai
667,8415077.92,526782.36,391.03,Pavaiai
673,8415082.04,526656.67,1069.33,Pavaiai
677,8415102.85,526629.63,430.10,Pavaiai
690,8415127.68,526618.10,349.84,Pavaiai
715,8415167.35,526360.26,374.72,Pavaiai
716,8415161.32,526879.64,899.80,Pavaiai
731,8415193.92,526761.37,379.45,Pavaiai
734,8415197.46,526883.39,376.75,Pavaiai
737,8415202.43,526958.01,276.43,Pavaiai
770,8415245.48,526980.45,1348.22,Pavaiai
771,8415254.87,526802.72,568.95,Pavaiai
774,8415264.92,526274.92,361.62,Pavaiai
782,8415268.78,527263.61,478.06,Pavaiai
786,8415283.20,526597.01,408.56,Pavaiai
787,8415283.17,526875.01,486.85,Pavaiai
797,8415306.13,527031.41,183.41,Pavaiai
810,8415310.17,526706.14,599.77,Pavaiai
821,8415332.70,526665.74,670.18,Pavaiai
824,8415339.90,526730.81,331.07,Pavaiai
826,8415346.86,526704.70,119.58,Pavaiai
829,8415342.78,526992.35,448.71,Pavaiai
837,8415351.66,526504.76,415.32,Pavaiai
838,8415363.02,526983.48,303.94,Pavaiai
839,8415364.37,526710.10,161.99,Pavaiai
840,8415361.47,526683.04,551.12,Pavaiai
851,8415376.61,526719.74,128.24,Pavaiai
854,8415383.73,526670.43,82.85,Pavaiai
855,8415376.20,526614.86,515.29,Pavaiai
856,8415379.29,526781.20,399.16,Pavaiai
857,8415387.40,526743.99,81.46,Pavaiai
863,8415394.59,526699.45,227.42,Pavaiai
865,8415401.13,526682.60,177.19,Pavaiai
866,8415401.42,526660.38,172.17,Pavaiai
867,8415395.93,527747.32,349.21,Pavaiai
870,8415405.42,526640.84,189.82,Pavaiai
875,8415413.42,526552.41,393.79,Pavaiai
876,8415421.22,526675.01,174.99,Pavaiai
877,8415423.65,526631.38,183.32,Pavaiai
881,8415417.68,526610.81,443.75,Pavaiai
886,8415439.68,526666.09,192.27,Pavaiai
887,8415443.25,526645.55,179.72,Pavaiai
889,8415443.94,526624.72,180.04,Pavaiai
893,8415448.00,527787.75,353.25,Pavaiai
930,8415555.04,526919.40,358.41,Pavaiai
938,8415564.78,526783.66,310.05,Pavaiai
945,8415571.77,527030.67,355.82,Pavaiai
963,8415601.61,527218.87,631.28,Pavaiai
964,8415604.24,527444.39,483.38,Pavaiai
977,8415631.35,526761.95,326.79,Pavaiai
986,8415643.77,527259.51,568.38,Pavaiai
1001,8415663.19,527284.24,653.13,Pavaiai
1063,8415757.34,526878.46,332.75,Pavaiai
1070,8415767.26,526802.77,312.39,Pavaiai
1072,8415774.01,527076.22,356.22,Pavaiai
1081,8415791.54,526931.24,311.63,Pavaiai
1097,8415825.41,526442.88,310.82,Pavaiai
1098,8415829.49,526708.70,525.17,Pavaiai
1101,8415841.82,526460.99,313.58,Pavaiai
1103,8415846.04,526749.44,337.21,Pavaiai
1112,8415882.97,526741.60,355.27,Pavaiai
1114,8415895.17,526628.29,365.17,Pavaiai
1140,8416519.78,526026.89,341.22,Pavaiai
1142,8416592.69,525986.74,317.24,Pavaiai
1144,8416622.25,526069.99,445.90,Pavaiai
1146,8416667.56,526071.15,419.48,Pavaiai
1147,8416685.29,526120.93,852.17,Pavaiai
1149,8416707.01,526012.66,837.77,Pavaiai
1154,8415250.35,527642.64,145.90,Pavaiai
1155,8415297.04,527461.37,830.13,Pavaiai
1169,8414918.86,526517.54,1105.80,Pavaiai
1264,8416917.60,525941.25,488.78,Pavaiai
1268,8416229.54,526748.70,302.79,Pavaiai
1277,8416900.51,525867.65,566.23,Pavaiai
1291,8415973.56,528000.17,308.93,Faleniu
1297,8415559.87,528008.55,346.49,Faleniu
1332,8415824.64,527567.75,328.36,Faleniu
1355,8415856.29,527825.11,371.71,Faleniu
1365,8415873.67,527391.59,331.10,Faleniu
1401,8415928.83,527805.08,325.15,Faleniu
1424,8415973.69,528000.17,310.30,Faleniu
1432,8415990.86,527490.27,331.18,Faleniu
1438,8415995.82,527332.94,902.12,Faleniu
1447,8416010.58,527978.43,653.50,Faleniu
1455,8416039.06,527394.48,398.26,Faleniu
1471,8416051.64,528054.92,312.79,Faleniu
1532,8416142.82,527527.40,354.96,Faleniu
1538,8416168.92,527394.11,207.41,Faleniu
1569,8416212.60,527432.70,385.33,Faleniu
1626,8416291.10,527991.91,363.49,Faleniu
1637,8416305.17,527301.50,552.74,Faleniu
1649,8416331.98,527597.33,244.61,Faleniu
1679,8415883.67,527340.85,200.85,Faleniu
1751,8413943.00,525231.18,366.81,Malaeloa/Ituau
1753,8413995.77,525225.18,355.84,Malaeloa/Ituau
1755,8414068.94,525145.98,488.17,Malaeloa/Ituau
1770,8414227.35,524994.69,706.40,Malaeloa/Ituau
1776,8414383.35,525099.93,417.41,Malaeloa/Ituau
1783,8414478.13,525018.61,394.69,Malaeloa/Ituau
1786,8414491.12,524914.81,433.72,Malaeloa/Ituau
1789,8414538.82,525150.28,318.80,Malaeloa/Ituau
1797,8414578.70,525127.12,306.94,Malaeloa/Ituau
1809,8414625.89,525018.91,374.09,Malaeloa/Ituau
1810,8414620.43,524898.33,660.88,Malaeloa/Ituau
1812,8414635.52,524924.70,343.64,Malaeloa/Ituau
1819,8414659.62,524979.53,349.28,Malaeloa/Ituau
1824,8414672.86,525017.14,317.15,Malaeloa/Ituau
1839,8414705.56,524732.20,465.03,Malaeloa/Ituau
1842,8414616.57,524704.72,476.11,Malaeloa/Ituau
1866,8423851.20,543356.03,417.14,Sailele
1940,8423181.98,544318.64,317.75,Aoa
1958,8423237.67,544775.50,622.52,Aoa
1966,8423262.24,544751.22,698.95,Aoa
1976,8423304.94,544079.80,366.21,Aoa
1990,8423324.75,544870.01,472.25,Aoa
1998,8423375.71,544788.29,308.45,Aoa
2005,8423432.17,544810.39,303.48,Aoa
2014,8423530.38,544804.17,350.69,Aoa
2015,8423547.85,544783.26,338.80,Aoa
2063,8420957.35,536254.20,327.75,Aua
2084,8421338.31,536255.10,333.00,Aua
2140,8421612.60,536142.02,312.46,Aua
2216,8422131.29,536235.69,319.88,Aua
2218,8422149.16,536257.95,303.31,Aua
2219,8422159.08,536225.71,313.82,Aua
2226,8422197.53,536222.92,327.93,Aua
2231,8422223.64,536211.52,696.31,Aua
2246,8422330.09,536116.76,356.71,Aua
2256,8422380.33,535789.42,355.21,Aua
2261,8422376.54,536295.43,1273.39,Aua
2279,8422408.83,535639.61,388.48,Aua
2282,8422409.82,536210.05,385.22,Aua
2290,8422418.64,535970.64,425.47,Aua
2306,8422436.96,535878.96,453.83,Aua
2330,8422471.18,536134.51,361.75,Aua
2333,8422469.13,536067.43,787.74,Aua
2341,8422483.96,536170.23,430.98,Aua
2350,8422503.02,536203.15,457.63,Aua
2351,8422510.04,536261.41,701.59,Aua
2352,8422500.42,536226.89,472.77,Aua
2353,8422505.94,536050.95,364.16,Aua
2354,8422505.28,536165.05,379.52,Aua
2355,8422507.58,536019.09,336.16,Aua
2356,8422510.09,536134.66,301.33,Aua
2357,8422510.34,535998.40,314.76,Aua
2370,8422546.58,536097.01,307.91,Aua
2377,8422578.94,536277.55,317.39,Aua
2399,8422645.75,536593.05,431.13,Aua
2402,8422666.04,536218.18,383.17,Aua
2486,8422716.16,536535.25,0.00,Aua
2487,8422697.07,536525.11,0.00,Aua
2492,8421885.72,540411.06,274.23,Amaua
2509,8422156.06,540583.15,482.76,Amaua
2511,8422178.74,540600.54,512.78,Amaua
2529,8422339.01,546011.70,326.42,Auasi
2578,8422280.48,546385.04,309.09,Utumea East
2579,8422279.52,546426.64,331.39,Utumea East
2588,8422339.69,546573.73,329.23,Utumea East
2599,8422484.85,535326.88,857.49,Leloaloa
2600,8422512.48,535263.18,402.46,Leloaloa
2601,8422529.05,535174.68,709.91,Leloaloa
2615,8422648.30,534522.39,315.97,Leloaloa
2620,8422655.90,534441.97,331.09,Leloaloa
2625,8422668.45,534625.58,358.69,Leloaloa
2628,8422671.75,534642.38,355.97,Leloaloa
2629,8422679.95,534491.63,329.64,Leloaloa
2633,8422675.07,534719.97,515.36,Leloaloa
2634,8422682.01,534523.66,381.82,Leloaloa
2645,8422699.60,534498.86,317.51,Leloaloa
2647,8422706.94,534710.24,541.17,Leloaloa
2657,8422651.21,534099.28,1417.42,Leloaloa
2658,8422691.19,534114.67,624.37,Leloaloa
2667,8422640.52,534899.58,436.95,Leloaloa
2669,8422623.15,534949.40,317.10,Leloaloa
2675,8422609.65,535106.29,647.50,Leloaloa
2680,8422319.94,542397.41,344.65,Pagai
2712,8422241.16,533759.32,1259.95,Anua
2713,8422246.57,533437.69,365.41,Anua
2714,8422241.88,533807.13,1361.48,Anua
2718,8422310.14,533466.83,1672.77,Anua
2719,8422261.68,533595.94,23612.71,Anua
2720,8422294.78,533805.22,13769.96,Anua
2725,8422350.02,533579.08,4147.32,Anua
2732,8422430.56,533623.96,330.40,Anua
2736,8422438.98,533745.28,474.21,Anua
2745,8421665.39,540136.91,369.15,Auto
2753,8421666.53,540012.11,430.59,Auto
2761,8421467.98,540074.40,158.44,Auto
2768,8421467.83,540042.30,571.90,Auto
2779,8421710.20,539918.45,417.19,Auto
2781,8421770.68,539883.94,393.50,Auto
2788,8421498.16,540064.61,475.65,Auto
2800,8422337.40,533904.85,1840.56,Atuu
2801,8422381.49,533902.40,396.25,Atuu
2802,8422361.59,533972.89,2731.23,Atuu
2803,8422400.20,533924.90,309.83,Atuu
2805,8422404.29,533953.01,485.77,Atuu
2811,8422411.65,534039.15,718.04,Atuu
2816,8422429.15,533949.80,401.30,Atuu
2817,8422428.84,533975.76,335.86,Atuu
2863,8421353.49,539110.00,348.10,Alega
2864,8421390.58,539106.55,307.94,Alega
2882,8421149.69,533531.70,422.75,Fagatogo
2890,8421212.03,533437.53,364.17,Fagatogo
2891,8421220.45,533337.17,385.01,Fagatogo
2902,8421243.20,533177.55,349.71,Fagatogo
2906,8421248.25,533343.49,398.22,Fagatogo
2923,8421272.34,533490.64,514.05,Fagatogo
2939,8421302.97,533507.71,300.03,Fagatogo
2949,8421314.98,533217.95,341.31,Fagatogo
2965,8421339.97,533419.33,378.05,Fagatogo
2979,8421359.46,533437.52,579.32,Fagatogo
2991,8421362.72,533540.17,794.77,Fagatogo
2997,8421376.62,533294.25,333.49,Fagatogo
3002,8421385.38,533483.80,268.28,Fagatogo
3004,8421388.90,533573.23,145.53,Fagatogo
3005,8421389.89,533464.85,220.11,Fagatogo
3009,8421394.19,533447.41,357.27,Fagatogo
3010,8421395.56,533428.83,340.51,Fagatogo
3013,8421396.13,533313.95,435.46,Fagatogo
3015,8421399.49,533588.92,268.82,Fagatogo
3022,8421407.96,533235.39,560.25,Fagatogo
3024,8421409.55,533408.63,486.81,Fagatogo
3032,8421416.55,533615.52,698.52,Fagatogo
3042,8421443.34,533474.89,269.47,Fagatogo
3044,8421437.29,533357.08,653.22,Fagatogo
3045,8421439.83,533425.04,608.59,Fagatogo
3046,8421442.31,533235.64,404.51,Fagatogo
3052,8421461.30,533334.91,718.96,Fagatogo
3060,8421472.25,533672.95,1726.94,Fagatogo
3063,8421485.62,533552.00,823.88,Fagatogo
3064,8421492.14,533621.60,347.39,Fagatogo
3065,8421491.13,533309.41,364.17,Fagatogo
3066,8421493.54,533384.38,803.37,Fagatogo
3067,8421493.81,533579.23,519.60,Fagatogo
3069,8421505.39,533268.25,326.19,Fagatogo
3070,8421496.09,533522.30,485.91,Fagatogo
3073,8421517.61,533503.90,493.67,Fagatogo
3074,8421524.38,533440.77,664.63,Fagatogo
3075,8421538.50,533797.31,351.87,Fagatogo
3076,8421537.90,533616.11,241.12,Fagatogo
3078,8421539.81,533829.67,324.73,Fagatogo
3079,8421546.18,533862.68,374.42,Fagatogo
3080,8421546.18,533904.69,420.58,Fagatogo
3081,8421536.97,533686.30,698.30,Fagatogo
3083,8421545.96,533718.19,539.14,Fagatogo
3089,8421572.33,534345.12,341.18,Fagatogo
3090,8421556.25,533452.08,1749.30,Fagatogo
3094,8421578.31,533405.58,312.58,Fagatogo
3095,8421579.96,534187.90,616.66,Fagatogo
3097,8421591.40,534004.27,443.98,Fagatogo
3098,8421588.83,533680.66,828.42,Fagatogo
3099,8421596.06,534379.26,854.95,Fagatogo
3100,8421598.91,533375.27,304.85,Fagatogo
3101,8421604.55,533178.17,370.26,Fagatogo
3103,8421610.88,534119.45,197.57,Fagatogo
3106,8421611.89,534038.38,181.60,Fagatogo
3107,8421611.56,534069.77,296.74,Fagatogo
3110,8421608.20,533341.19,1652.38,Fagatogo
3111,8421629.05,534423.78,352.62,Fagatogo
3113,8421628.26,533271.10,413.98,Fagatogo
3114,8421630.90,534403.50,480.10,Fagatogo
3115,8421639.18,534141.03,693.06,Fagatogo
3117,8421636.83,533379.40,534.26,Fagatogo
3122,8421628.89,533766.53,4935.38,Fagatogo
3124,8421665.50,534248.90,126.94,Fagatogo
3125,8421662.75,534267.73,203.40,Fagatogo
3128,8421660.61,534296.52,742.43,Fagatogo
3129,8421656.40,534344.46,1575.85,Fagatogo
3133,8421675.29,533191.47,624.48,Fagatogo
3134,8421676.42,533140.67,776.77,Fagatogo
3146,8421768.75,532947.88,312.84,Fagatogo
3147,8421772.59,533003.24,339.88,Fagatogo
3148,8421772.82,533083.88,422.02,Fagatogo
3149,8421786.73,533063.03,461.04,Fagatogo
3150,8421818.02,532909.28,314.89,Fagatogo
3155,8421449.46,533937.56,549.61,Fagatogo
3161,8421435.84,533645.63,92.51,Fagatogo
3162,8421481.81,533415.96,380.12,Fagatogo
3201,8421642.41,533122.67,162.21,Fagatogo
3219,8420430.68,533764.72,304.75,Utulei
3234,8420719.07,534491.80,505.61,Utulei
3236,8420721.86,534516.09,449.67,Utulei
3243,8420767.83,534817.73,377.54,Utulei
3244,8420775.39,534396.08,858.74,Utulei
3245,8420787.06,534940.56,459.92,Utulei
3246,8420791.57,534790.41,348.22,Utulei
3248,8420790.31,534533.98,763.50,Utulei
3249,8420796.46,534831.02,224.64,Utulei
3252,8420798.42,534916.16,399.59,Utulei
3256,8420827.28,534359.11,930.17,Utulei
3257,8420832.97,534461.16,482.91,Utulei
3258,8420843.04,534740.88,157.52,Utulei
3262,8420859.87,534750.44,193.84,Utulei
3264,8420859.38,534444.45,496.52,Utulei
3267,8420858.48,534679.03,1823.28,Utulei
3269,8420864.95,534551.75,930.17,Utulei
3271,8420883.43,534603.64,825.40,Utulei
3273,8420894.20,534397.16,476.05,Utulei
3274,8420896.94,534568.81,469.85,Utulei
3275,8420900.49,534528.29,714.29,Utulei
3276,8420904.76,534470.71,565.09,Utulei
3280,8420931.57,534431.14,479.51,Utulei
3281,8420941.74,534130.64,382.67,Utulei
3282,8420935.86,534034.39,442.64,Utulei
3296,8420984.15,534325.11,909.99,Utulei
3298,8421007.81,534226.27,373.15,Utulei
3303,8421018.29,534062.53,502.08,Utulei
3307,8421033.05,533940.07,371.37,Utulei
3310,8421041.64,533912.69,302.81,Utulei
3312,8421041.46,534266.45,745.73,Utulei
3314,8421052.01,534092.45,208.49,Utulei
3315,8421048.17,533893.15,329.19,Utulei
3318,8421058.98,533987.13,812.63,Utulei
3319,8421069.20,534225.05,699.98,Utulei
3320,8421068.93,534343.67,422.64,Utulei
3325,8421082.85,534263.64,669.30,Utulei
3329,8421106.11,534233.39,495.12,Utulei
3331,8421098.21,534325.99,645.03,Utulei
3332,8421084.23,534146.66,3883.78,Utulei
3336,8421137.57,534047.50,866.29,Utulei
3338,8421165.31,533959.50,348.58,Utulei
3341,8421192.22,534281.26,657.80,Utulei
3343,8421199.28,534078.19,709.86,Utulei
3346,8421209.20,533998.93,328.22,Utulei
3347,8421201.06,534036.34,630.16,Utulei
3350,8421231.59,534003.26,311.13,Utulei
3351,8421243.42,534091.93,708.89,Utulei
3352,8421244.70,534064.70,471.94,Utulei
3353,8421267.21,534035.44,304.08,Utulei
3358,8421297.11,534069.97,728.31,Utulei
3360,8421308.03,534054.85,772.26,Utulei
3363,8421327.08,534127.59,741.22,Utulei
3366,8421335.55,534176.09,1283.95,Utulei
3367,8421355.27,534088.23,647.70,Utulei
3368,8421372.64,534128.99,1430.45,Utulei
3369,8421411.10,534063.94,356.45,Utulei
3370,8421408.93,534177.23,1020.63,Utulei
3372,8421481.45,534212.91,483.40,Utulei
3373,8421503.04,534219.17,499.58,Utulei
3374,8421493.51,534175.67,1125.83,Utulei
3375,8421537.20,534235.42,759.28,Utulei
3376,8421523.51,534295.04,1049.31,Utulei
3377,8421556.74,534328.74,455.40,Utulei
3387,8421023.12,534293.59,377.57,Utulei
3403,8420674.62,534875.82,418.88,Utulei
3407,8416403.41,528922.29,329.32,Malaeimi
3425,8416440.44,528436.56,553.97,Malaeimi
3439,8416497.98,527971.48,409.18,Malaeimi
3448,8416552.95,528063.55,332.19,Malaeimi
3452,8416566.63,528027.17,355.49,Malaeimi
3457,8416591.91,527970.40,447.10,Malaeimi
3486,8416806.36,528936.94,408.64,Malaeimi
3488,8416815.09,528828.46,358.78,Malaeimi
3512,8416891.07,528208.85,1040.43,Malaeimi
3521,8416910.66,529325.05,339.36,Malaeimi
3540,8416946.76,528820.24,337.11,Malaeimi
3541,8416951.49,528304.35,348.38,Malaeimi
3546,8416952.96,528409.74,984.55,Malaeimi
3547,8416960.13,528364.98,532.08,Malaeimi
3565,8417018.61,529161.24,737.40,Malaeimi
3567,8417002.23,528160.76,2656.78,Malaeimi
3572,8417033.71,528681.69,361.51,Malaeimi
3582,8417064.93,529056.93,401.15,Malaeimi
3591,8417110.89,528662.95,528.72,Malaeimi
3594,8417105.96,528702.21,835.78,Malaeimi
3598,8417105.14,528379.14,3600.43,Malaeimi
3602,8417151.85,528686.30,348.54,Malaeimi
3604,8417139.70,528429.29,1612.04,Malaeimi
3606,8417157.71,528651.58,1062.76,Malaeimi
3608,8417181.66,528381.71,478.40,Malaeimi
3609,8417170.06,528343.70,1756.78,Malaeimi
3614,8417198.77,528706.28,1200.81,Malaeimi
3627,8417272.04,528624.68,934.10,Malaeimi
3635,8417492.23,528544.68,332.59,Malaeimi
3636,8417531.57,528559.84,383.23,Malaeimi
3638,8417563.88,528636.36,514.35,Malaeimi
3641,8417648.87,528709.10,430.31,Malaeimi
3649,8417814.40,528795.58,368.27,Malaeimi
3656,8417899.84,528955.20,311.35,Malaeimi
3682,8417659.38,528834.06,952.74,Malaeimi
3712,8416523.65,527964.04,244.12,Malaeimi
3713,8416622.78,528484.67,0.00,Malaeimi
3714,8416592.82,528514.27,0.00,Malaeimi
3715,8416570.81,528495.56,0.00,Malaeimi
3716,8416613.43,528559.92,0.00,Malaeimi
3717,8416576.77,528573.03,0.00,Malaeimi
3718,8416612.27,528407.37,0.00,Malaeimi
3719,8416794.66,528296.20,0.00,Malaeimi
3736,8418901.67,533537.44,361.16,Faganeanea
3742,8418929.68,533595.63,585.61,Faganeanea
3749,8418977.34,533775.68,542.69,Faganeanea
3767,8417924.39,518314.94,302.52,Fagalii
3793,8418239.02,518753.64,276.66,Fagalii
3831,8416110.75,526484.00,349.34,Mapusagafou
3838,8416170.77,526610.03,323.86,Mapusagafou
3839,8416373.78,527211.62,314.20,Mapusagafou
3849,8416500.70,527202.34,651.44,Mapusagafou
3850,8416511.04,527182.82,367.08,Mapusagafou
3851,8416473.93,527198.00,891.12,Mapusagafou
3852,8416459.78,527208.79,495.60,Mapusagafou
3856,8416109.68,526484.18,411.60,Mapusagafou
3863,8416243.35,526708.83,340.50,Mapusagafou
3868,8416270.35,527117.46,310.81,Mapusagafou
3905,8416917.60,525941.25,488.78,Mapusagafou
3908,8416951.32,526556.94,450.91,Mapusagafou
3913,8416989.09,526497.64,408.31,Mapusagafou
3915,8417000.55,526445.65,300.35,Mapusagafou
3929,8417151.12,526050.25,312.27,Mapusagafou
3941,8416222.04,526505.31,623.99,Mapusagafou
3974,8416097.08,526278.66,322.01,Mapusagafou
3988,8416237.39,526552.68,131.22,Mapusagafou
3996,8416405.08,526415.11,1177.50,Mapusagafou
4016,8416332.54,526131.59,426.67,Mapusagafou
4019,8416389.53,526687.20,363.39,Mapusagafou
4021,8416547.91,526436.00,414.51,Mapusagafou
4022,8416520.71,526524.13,463.49,Mapusagafou
4043,8416440.36,526196.83,252.79,Mapusagafou
4046,8416407.41,526226.93,393.25,Mapusagafou
4088,8416825.57,526590.43,1618.97,Mapusagafou
4113,8417121.84,526714.91,433.54,Mapusagafou
4139,8416928.62,526433.64,539.86,Mapusagafou
4162,8417320.24,526966.09,440.92,Mapusagafou
4165,8417233.51,526883.44,410.21,Mapusagafou
4168,8416305.17,527301.50,552.74,Mapusagafou
4178,8415662.59,521844.46,534.31,Asili
4179,8415669.61,521896.75,362.13,Asili
4186,8415681.37,521867.72,470.94,Asili
4226,8415383.55,522306.56,384.69,Amaluia
4234,8415512.07,522401.07,259.51,Amaluia
4238,8415524.34,522382.51,302.12,Amaluia
4245,8415430.40,522504.90,392.34,Amaluia
4246,8415416.43,522487.47,548.33,Amaluia
4248,8415367.78,522500.52,431.71,Amaluia
4253,8415444.24,522558.93,305.55,Amaluia
4336,8416316.25,520506.71,322.07,Seetaga
4337,8416295.12,520481.64,335.60,Seetaga
4344,8416307.20,520565.22,350.80,Seetaga
4389,8415583.95,521551.53,334.79,Afao
4433,8415753.89,519796.68,333.93,Utumea West
4437,8415921.73,519954.14,380.94,Utumea West
4454,8412763.80,524360.96,310.94,Taputimu
4459,8412921.45,524367.21,559.57,Taputimu
4469,8413029.38,524331.46,516.98,Taputimu
4475,8413098.93,524367.08,446.75,Taputimu
4485,8413165.28,524465.41,449.86,Taputimu
4501,8413335.84,524639.42,347.30,Taputimu
4503,8413378.80,524570.38,329.12,Taputimu
4504,8413386.16,524821.20,454.66,Taputimu
4505,8413402.24,524594.64,306.14,Taputimu
4506,8413405.70,524506.93,669.53,Taputimu
4508,8413416.72,524709.73,423.38,Taputimu
4509,8413418.39,524894.90,416.24,Taputimu
4512,8413456.32,524597.66,482.97,Taputimu
4513,8413455.27,524801.06,553.21,Taputimu
4514,8413462.37,524710.08,364.95,Taputimu
4516,8413505.50,524798.32,390.14,Taputimu
4527,8413622.60,524717.80,340.90,Taputimu
4529,8413749.11,524887.40,432.98,Taputimu
4532,8413842.38,525069.91,337.49,Taputimu
4536,8413874.25,525209.32,365.72,Taputimu
4537,8413887.22,525065.58,317.86,Taputimu
4538,8413897.37,525185.32,304.45,Taputimu
4539,8413900.88,524989.05,354.28,Taputimu
4546,8413943.36,525075.44,1546.97,Taputimu
4569,8413640.84,524816.22,432.98,Taputimu
4585,8416519.00,517930.78,329.63,Amanave
4622,8416334.11,518250.09,441.86,Amanave
4652,8416231.53,518321.13,418.34,Amanave
4657,8416177.80,518366.75,386.27,Amanave
4666,8416125.90,518434.89,438.70,Amanave
4669,8416107.72,518453.68,312.25,Amanave
4670,8416080.50,518440.62,350.21,Amanave
4761,8416277.13,520661.23,362.93,Nua
4762,8416258.54,520683.46,312.99,Nua
4763,8416243.82,520708.07,668.25,Nua
4777,8416020.93,520898.32,444.85,Nua
4779,8415999.34,520864.88,703.48,Nua
4784,8416038.13,520862.06,330.77,Nua
4785,8415970.87,520826.55,322.43,Nua
4788,8415968.30,520868.35,318.72,Nua
4799,8415793.59,520871.51,411.80,Nua
4883,8412670.05,523812.06,313.82,Vailoatai
4970,8412798.28,523286.13,313.30,Vailoatai
4978,8412808.78,523655.01,1016.48,Vailoatai
4980,8412816.08,523316.50,418.58,Vailoatai
5008,8412875.93,523642.05,337.04,Vailoatai
5013,8412880.89,523557.83,412.10,Vailoatai
5021,8412889.65,523398.87,469.46,Vailoatai
5028,8412913.03,523445.13,328.56,Vailoatai
5042,8412937.95,523344.66,1472.76,Vailoatai
5043,8412957.95,523376.56,364.84,Vailoatai
5063,8413010.02,523637.36,346.83,Vailoatai
5070,8413023.19,523660.75,430.76,Vailoatai
5078,8413051.78,523548.98,524.88,Vailoatai
5083,8413061.03,523314.47,317.62,Vailoatai
5099,8413103.65,524036.73,335.58,Vailoatai
5109,8413145.53,523920.66,687.31,Vailoatai
5114,8413173.19,523408.49,302.77,Vailoatai
5127,8413236.96,524079.25,429.39,Vailoatai
5128,8413240.57,523524.26,341.71,Vailoatai
5135,8413287.86,523869.47,484.07,Vailoatai
5138,8413299.27,524103.32,366.38,Vailoatai
5153,8413359.21,523662.99,327.15,Vailoatai
5170,8414090.45,528876.30,370.78,Iliili
5176,8414564.19,526332.79,396.06,Iliili
5186,8413518.17,527507.55,211.72,Iliili
5188,8413522.94,527333.27,466.32,Iliili
5190,8413536.71,527290.12,384.07,Iliili
5191,8413548.11,527205.46,175.07,Iliili
5200,8413593.24,527514.26,349.58,Iliili
5219,8413649.83,527503.14,315.09,Iliili
5227,8413687.21,526829.17,430.04,Iliili
5233,8413703.78,527564.38,372.95,Iliili
5236,8413707.87,527999.60,373.39,Iliili
5241,8413719.57,527940.09,354.70,Iliili
5255,8413762.71,527223.18,520.19,Iliili
5268,8413804.98,527228.16,103.45,Iliili
5272,8413801.13,528201.22,441.92,Iliili
5278,8413817.26,527526.25,408.21,Iliili
5280,8413816.76,526914.70,363.16,Iliili
5286,8413836.14,528219.22,308.86,Iliili
5288,8413841.71,527242.57,329.53,Iliili
5297,8413862.10,527213.12,329.53,Iliili
5302,8413870.35,527550.58,313.98,Iliili
5304,8413872.18,527079.60,390.40,Iliili
5306,8413874.50,527432.89,348.78,Iliili
5312,8413889.33,527453.04,339.25,Iliili
5317,8413903.06,526663.66,320.99,Iliili
5318,8413900.75,528263.14,542.29,Iliili
5324,8413916.38,527192.03,409.12,Iliili
5327,8413914.91,527047.83,471.54,Iliili
5330,8413923.13,527215.57,338.61,Iliili
5333,8413930.13,527021.73,342.73,Iliili
5348,8413939.52,527060.28,915.01,Iliili
5352,8413958.65,529714.89,365.94,Iliili
5353,8413959.01,527215.83,369.18,Iliili
5357,8413952.08,527781.81,798.98,Iliili
5367,8413974.67,527913.10,344.91,Iliili
5369,8413982.94,527207.01,114.82,Iliili
5371,8413968.43,527254.46,523.30,Iliili
5411,8414008.88,529447.60,321.58,Iliili
5425,8414027.33,527124.75,384.36,Iliili
5433,8414038.16,527200.27,665.39,Iliili
5448,8414042.72,527245.70,483.57,Iliili
5450,8414048.76,527928.05,309.33,Iliili
5482,8414074.94,527264.72,534.86,Iliili
5489,8414084.46,528535.90,389.07,Iliili
5495,8414093.61,529369.89,385.16,Iliili
5517,8414107.91,528552.79,472.71,Iliili
5595,8414141.83,529481.10,376.24,Iliili
5604,8414148.15,528946.08,140.61,Iliili
5641,8414183.48,526468.12,346.99,Iliili
5660,8414210.67,529612.67,407.17,Iliili
5661,8414210.51,528924.92,350.31,Iliili
5695,8414262.55,526410.24,126.70,Iliili
5708,8414276.18,526758.96,414.97,Iliili
5714,8414282.46,527524.24,433.11,Iliili
5716,8414286.25,526318.99,328.78,Iliili
5732,8414307.49,530007.39,446.64,Iliili
5779,8414348.00,527390.36,331.73,Iliili
5807,8414371.34,526383.04,437.80,Iliili
5813,8414379.70,527287.79,310.56,Iliili
5837,8414391.02,527395.41,310.56,Iliili
5858,8414401.22,527322.91,310.56,Iliili
5882,8414414.87,529908.15,389.32,Iliili
5917,8414439.03,529777.12,426.73,Iliili
5929,8414446.63,526370.64,816.11,Iliili
5947,8414473.27,526334.22,329.21,Iliili
5962,8414483.43,529857.56,646.46,Iliili
5985,8414515.39,529964.19,635.70,Iliili
5986,8414517.34,526665.60,404.70,Iliili
5992,8414550.65,529036.57,335.13,Iliili
5995,8414551.97,527352.20,557.59,Iliili
6007,8414622.89,529856.77,488.72,Iliili
6012,8414641.50,529923.01,365.09,Iliili
6019,8414682.99,527604.54,308.36,Iliili
6025,8414705.15,529281.81,595.47,Iliili
6032,8414736.97,529338.02,483.88,Iliili
6049,8414789.60,529559.30,300.74,Iliili
6054,8414801.52,529580.75,544.97,Iliili
6057,8414826.87,529565.84,385.92,Iliili
6059,8414833.65,529615.31,359.46,Iliili
6060,8414844.79,529541.90,340.06,Iliili
6063,8414871.26,529556.21,364.34,Iliili
6068,8414114.92,528655.38,472.71,Iliili
6112,8416741.00,529961.32,1385.17,Nuuuli
6117,8416764.78,529972.72,990.93,Nuuuli
6123,8416839.73,529908.85,655.88,Nuuuli
6138,8416885.91,529701.22,347.53,Nuuuli
6145,8416892.57,529882.03,374.38,Nuuuli
6156,8416907.85,530162.90,542.54,Nuuuli
6160,8416919.70,530191.39,437.13,Nuuuli
6176,8416956.10,529619.91,370.28,Nuuuli
6180,8416961.16,529886.37,1049.63,Nuuuli
6181,8416963.83,529731.51,407.40,Nuuuli
6184,8416979.38,529856.43,302.22,Nuuuli
6185,8416979.34,529720.86,402.06,Nuuuli
6187,8416974.92,530256.57,693.18,Nuuuli
6191,8416993.53,530416.94,226.14,Nuuuli
6193,8416987.71,530444.86,681.46,Nuuuli
6198,8417000.25,530388.17,226.83,Nuuuli
6206,8417010.91,529703.04,320.26,Nuuuli
6208,8417018.76,529843.86,318.97,Nuuuli
6209,8417017.21,530415.49,187.34,Nuuuli
6211,8417020.30,530376.68,221.35,Nuuuli
6214,8417018.82,530454.61,355.17,Nuuuli
6215,8417018.75,530001.45,378.35,Nuuuli
6232,8417043.66,530365.18,219.61,Nuuuli
6234,8417036.80,530405.16,436.06,Nuuuli
6238,8417031.44,529480.55,648.41,Nuuuli
6245,8417048.89,529830.99,538.32,Nuuuli
6248,8417049.99,529469.86,507.77,Nuuuli
6251,8417065.13,530385.02,132.68,Nuuuli
6252,8417055.16,529392.77,732.82,Nuuuli
6255,8417061.40,529923.84,381.42,Nuuuli
6256,8417070.49,530472.16,65.42,Nuuuli
6268,8417082.91,529557.30,344.77,Nuuuli
6270,8417084.22,529712.23,340.56,Nuuuli
6273,8417085.07,529581.40,392.42,Nuuuli
6279,8417104.52,532201.59,310.48,Nuuuli
6285,8417124.79,530478.22,38.79,Nuuuli
6289,8417115.97,529784.26,355.28,Nuuuli
6296,8417139.15,529663.85,368.00,Nuuuli
6323,8417219.26,530433.71,306.37,Nuuuli
6324,8417218.79,530303.03,383.87,Nuuuli
6333,8417229.43,530709.28,310.27,Nuuuli
6353,8417264.77,529769.52,318.93,Nuuuli
6355,8417266.48,532243.99,333.89,Nuuuli
6358,8417273.19,529674.77,337.38,Nuuuli
6363,8417274.26,530336.00,305.35,Nuuuli
6368,8417278.06,530406.87,308.53,Nuuuli
6376,8417288.65,530456.44,500.65,Nuuuli
6398,8417313.09,529895.73,406.05,Nuuuli
6399,8417315.64,530440.39,500.44,Nuuuli
6403,8417318.21,530025.83,485.40,Nuuuli
6404,8417320.82,530099.91,476.71,Nuuuli
6413,8417328.20,530055.66,383.85,Nuuuli
6415,8417330.40,530248.69,320.37,Nuuuli
6423,8417345.61,530876.68,312.84,Nuuuli
6426,8417345.52,532354.03,790.91,Nuuuli
6429,8417346.10,529739.65,390.05,Nuuuli
6433,8417347.02,529774.51,1104.91,Nuuuli
6435,8417361.01,530296.91,323.58,Nuuuli
6440,8417361.63,530556.08,559.67,Nuuuli
6442,8417374.72,529861.08,121.81,Nuuuli
6447,8417369.70,530089.41,480.97,Nuuuli
6453,8417381.75,529833.94,323.97,Nuuuli
6455,8417378.45,529985.96,430.59,Nuuuli
6456,8417383.71,529576.53,338.19,Nuuuli
6462,8417392.04,530191.85,369.42,Nuuuli
6465,8417385.08,529773.15,932.64,Nuuuli
6476,8417400.08,530633.21,487.21,Nuuuli
6477,8417403.67,530073.66,303.64,Nuuuli
6478,8417404.14,532375.62,380.26,Nuuuli
6483,8417404.46,529912.80,502.29,Nuuuli
6492,8417431.94,530179.44,333.72,Nuuuli
6499,8417430.02,529963.68,1060.49,Nuuuli
6508,8417448.49,530669.24,351.13,Nuuuli
6512,8417449.13,529855.94,500.37,Nuuuli
6517,8417455.91,530351.97,921.60,Nuuuli
6530,8417474.07,529825.93,356.95,Nuuuli
6538,8417475.16,530078.43,659.91,Nuuuli
6544,8417488.66,532339.25,349.57,Nuuuli
6551,8417494.27,530372.33,336.61,Nuuuli
6558,8417503.23,529798.73,435.84,Nuuuli
6560,8417506.49,530144.78,843.10,Nuuuli
6562,8417509.88,529914.57,519.52,Nuuuli
6570,8417509.43,530323.62,488.62,Nuuuli
6572,8417515.28,530350.38,367.64,Nuuuli
6579,8417524.28,530221.40,364.71,Nuuuli
6584,8417530.82,529768.77,371.07,Nuuuli
6596,8417546.15,530125.69,354.95,Nuuuli
6605,8417551.85,532401.39,320.70,Nuuuli
6607,8417543.53,532254.12,1630.63,Nuuuli
6608,8417555.32,530474.78,374.76,Nuuuli
6609,8417558.16,530147.61,327.30,Nuuuli
6610,8417567.28,530819.84,318.66,Nuuuli
6612,8417561.63,530559.64,326.76,Nuuuli
6613,8417570.34,530767.82,151.03,Nuuuli
6614,8417565.19,530355.22,422.66,Nuuuli
6615,8417568.82,530199.64,342.18,Nuuuli
6616,8417565.24,532354.66,831.35,Nuuuli
6618,8417569.78,529671.06,431.53,Nuuuli
6620,8417577.26,530402.82,501.14,Nuuuli
6623,8417577.48,532303.73,354.29,Nuuuli
6628,8417579.89,530857.08,557.70,Nuuuli
6629,8417588.83,530740.63,190.08,Nuuuli
6635,8417593.41,529740.43,386.06,Nuuuli
6638,8417595.02,530438.89,300.19,Nuuuli
6639,8417592.38,530486.81,928.38,Nuuuli
6642,8417605.93,532344.10,387.45,Nuuuli
6646,8417609.68,530512.01,624.87,Nuuuli
6649,8417611.20,529715.93,373.39,Nuuuli
6652,8417613.88,530351.80,339.07,Nuuuli
6653,8417614.74,529658.75,335.07,Nuuuli
6657,8417621.47,531462.04,347.64,Nuuuli
6659,8417618.69,530719.22,618.29,Nuuuli
6662,8417628.13,530370.33,170.66,Nuuuli
6665,8417634.66,530245.83,235.39,Nuuuli
6674,8417640.02,530618.42,353.16,Nuuuli
6675,8417644.17,530402.65,340.44,Nuuuli
6678,8417645.61,531309.28,300.26,Nuuuli
6682,8417649.22,529710.75,349.67,Nuuuli
6693,8417668.95,530320.88,367.80,Nuuuli
6703,8417675.43,531200.80,351.75,Nuuuli
6709,8417678.78,529700.78,354.74,Nuuuli
6717,8417651.40,530784.28,5483.00,Nuuuli
6723,8417684.03,530524.13,1487.74,Nuuuli
6740,8417709.80,532470.38,285.33,Nuuuli
6754,8417721.84,531092.24,420.70,Nuuuli
6761,8417723.70,532358.44,463.55,Nuuuli
6765,8417727.33,530812.47,470.80,Nuuuli
6773,8417741.00,531079.94,319.99,Nuuuli
6786,8417745.15,532279.77,678.54,Nuuuli
6816,8417777.25,532361.31,320.75,Nuuuli
6817,8417760.71,530746.93,1801.27,Nuuuli
6819,8417778.09,530882.56,455.44,Nuuuli
6824,8417779.58,532110.78,453.26,Nuuuli
6827,8417783.75,531006.01,356.03,Nuuuli
6829,8417785.10,530819.01,371.63,Nuuuli
6830,8417781.54,531443.99,535.71,Nuuuli
6838,8417790.22,530918.23,493.40,Nuuuli
6839,8417788.06,532395.78,433.35,Nuuuli
6845,8417795.97,532283.18,608.96,Nuuuli
6862,8417810.37,532130.70,332.30,Nuuuli
6863,8417800.79,532429.30,823.79,Nuuuli
6864,8417804.79,530972.56,581.60,Nuuuli
6874,8417808.10,532313.17,1087.62,Nuuuli
6879,8417823.55,531122.63,459.10,Nuuuli
6881,8417824.49,530367.91,309.04,Nuuuli
6882,8417823.80,531407.63,449.88,Nuuuli
6886,8417833.04,532550.58,391.39,Nuuuli
6900,8417846.92,531891.61,400.08,Nuuuli
6903,8417853.86,531867.65,334.26,Nuuuli
6906,8417859.71,531149.34,604.86,Nuuuli
6907,8417862.41,530906.83,392.31,Nuuuli
6909,8417864.45,531452.70,418.51,Nuuuli
6913,8417866.78,532711.72,409.10,Nuuuli
6920,8417880.94,532526.35,102.98,Nuuuli
6922,8417875.76,532350.76,513.21,Nuuuli
6933,8417891.67,531008.22,229.60,Nuuuli
6938,8417893.05,532547.15,546.09,Nuuuli
6946,8417903.17,532497.95,308.34,Nuuuli
6949,8417903.33,531027.90,384.80,Nuuuli
6952,8417904.11,531279.54,635.64,Nuuuli
6955,8417913.74,531452.98,335.35,Nuuuli
6956,8417906.26,530861.67,708.13,Nuuuli
6958,8417911.06,529447.72,354.29,Nuuuli
6960,8417912.66,532604.91,382.63,Nuuuli
6966,8417921.63,531119.97,373.92,Nuuuli
6967,8417924.23,531147.96,631.66,Nuuuli
6969,8417925.27,531310.20,393.36,Nuuuli
6971,8417919.89,531956.61,871.42,Nuuuli
6996,8417952.75,531202.59,549.84,Nuuuli
6997,8417958.14,531456.13,352.41,Nuuuli
7001,8417965.31,531398.76,420.82,Nuuuli
7005,8417963.61,532620.87,347.38,Nuuuli
7006,8417964.68,532565.11,439.87,Nuuuli
7007,8417969.48,531777.23,263.32,Nuuuli
7008,8417968.86,531867.75,304.79,Nuuuli
7012,8417976.19,531760.55,146.29,Nuuuli
7022,8417977.18,531629.24,565.48,Nuuuli
7024,8417987.91,531888.82,317.89,Nuuuli
7026,8417987.80,530982.04,307.41,Nuuuli
7029,8417986.97,531355.71,409.62,Nuuuli
7031,8417990.01,531188.34,317.77,Nuuuli
7038,8417996.11,531399.05,579.09,Nuuuli
7040,8418001.27,531372.31,306.77,Nuuuli
7041,8417996.58,531459.78,559.58,Nuuuli
7047,8418012.96,531315.91,450.83,Nuuuli
7050,8418021.15,531647.65,419.91,Nuuuli
7055,8418031.72,531597.20,694.89,Nuuuli
7058,8418036.63,531328.91,318.00,Nuuuli
7059,8418036.46,531775.84,415.81,Nuuuli
7066,8418048.38,531626.65,548.02,Nuuuli
7071,8418064.64,531411.25,351.68,Nuuuli
7073,8418063.64,531175.62,394.87,Nuuuli
7075,8418069.03,531756.75,547.12,Nuuuli
7079,8418078.30,531444.57,325.50,Nuuuli
7086,8418093.47,531094.53,380.18,Nuuuli
7088,8418100.23,531716.27,316.06,Nuuuli
7091,8418101.67,531201.82,320.95,Nuuuli
7092,8418100.39,531375.71,444.93,Nuuuli
7101,8418134.41,531199.64,309.63,Nuuuli
7110,8418194.07,531121.77,380.62,Nuuuli
7119,8418277.05,531101.06,549.79,Nuuuli
7121,8418297.62,531143.57,309.62,Nuuuli
7141,8418467.71,531123.11,433.57,Nuuuli
7144,8418494.67,531170.37,1232.72,Nuuuli
7149,8418578.46,531370.15,396.40,Nuuuli
7151,8417394.38,532165.06,488.92,Nuuuli
7166,8418011.54,531885.86,308.35,Nuuuli
7179,8417848.94,531372.71,393.52,Nuuuli
7193,8417619.65,531272.94,300.26,Nuuuli
7229,8417650.12,530720.41,84.15,Nuuuli
7288,8417341.56,530041.50,0.00,Nuuuli
7289,8417331.59,530067.86,0.00,Nuuuli
7312,8419855.90,534290.45,655.82,Fagaalu
7315,8419898.09,534224.30,328.02,Fagaalu
7331,8419976.18,534002.24,321.85,Fagaalu
7332,8419979.34,534051.14,348.80,Fagaalu
7338,8419994.81,534170.96,446.75,Fagaalu
7339,8420007.33,534111.63,322.24,Fagaalu
7342,8420015.97,534170.12,467.37,Fagaalu
7343,8420007.91,534072.34,479.27,Fagaalu
7345,8420035.84,533974.14,451.31,Fagaalu
7349,8420048.40,534108.30,303.41,Fagaalu
7360,8420097.68,533705.71,413.12,Fagaalu
7363,8420102.20,533633.02,397.61,Fagaalu
7364,8420099.97,534090.86,550.45,Fagaalu
7368,8420121.88,533497.87,450.69,Fagaalu
7371,8420123.13,533534.64,340.82,Fagaalu
7372,8420124.82,534054.94,330.65,Fagaalu
7373,8420127.93,534182.31,192.56,Fagaalu
7376,8420132.11,534129.95,469.62,Fagaalu
7382,8420149.05,534186.91,465.74,Fagaalu
7385,8420152.33,534152.13,776.48,Fagaalu
7386,8420155.48,534090.04,449.52,Fagaalu
7391,8420165.66,534127.11,360.74,Fagaalu
7399,8420181.80,534065.44,177.63,Fagaalu
7400,8420181.26,534201.53,353.22,Fagaalu
7411,8420127.79,533913.94,16145.05,Fagaalu
7412,8420201.07,533684.01,407.10,Fagaalu
7415,8420202.55,534237.90,411.96,Fagaalu
7416,8420208.70,533757.37,355.98,Fagaalu
7418,8420215.21,534125.44,328.69,Fagaalu
7419,8420218.67,534042.92,305.44,Fagaalu
7421,8420220.01,534270.65,387.26,Fagaalu
7434,8420237.44,534017.08,267.54,Fagaalu
7435,8420238.57,534049.17,279.19,Fagaalu
7439,8420245.63,534107.28,167.87,Fagaalu
7443,8420250.59,533892.64,404.07,Fagaalu
7444,8420251.85,533685.63,392.97,Fagaalu
7445,8420256.80,534023.79,275.02,Fagaalu
7453,8420260.73,534067.10,357.48,Fagaalu
7454,8420272.98,534028.16,513.42,Fagaalu
7455,8420286.91,534031.26,274.75,Fagaalu
7456,8420288.40,534061.12,283.35,Fagaalu
7464,8420319.78,533282.13,378.70,Fagaalu
7469,8420335.03,534482.81,441.98,Fagaalu
7475,8420355.80,534534.32,491.03,Fagaalu
7476,8420354.74,534505.10,582.49,Fagaalu
7479,8420371.87,534084.66,301.37,Fagaalu
7480,8420373.30,534632.20,317.51,Fagaalu
7489,8420403.66,534659.73,555.41,Fagaalu
7491,8420414.16,534680.76,298.16,Fagaalu
7492,8420427.74,534023.89,383.64,Fagaalu
7494,8420440.19,534600.27,888.64,Fagaalu
7495,8420456.04,534695.49,231.05,Fagaalu
7498,8420456.70,534662.91,788.99,Fagaalu
7502,8420578.26,534733.33,479.59,Fagaalu
7504,8420588.39,534869.71,376.89,Fagaalu
7537,8419103.58,533999.21,540.58,Matuu
7538,8419123.58,534017.56,370.45,Matuu
7539,8419133.98,533993.30,424.38,Matuu
7542,8419162.91,534061.25,304.96,Matuu
7547,8419176.41,534053.90,350.41,Matuu
7552,8419189.49,534440.64,413.16,Matuu
7553,8419193.21,534104.18,344.12,Matuu
7566,8419224.45,534300.44,339.25,Matuu
7574,8419249.28,533932.75,355.65,Matuu
7577,8419242.66,534147.09,2511.41,Matuu
7579,8419268.03,533959.03,385.01,Matuu
7582,8419267.63,534042.49,389.75,Matuu
7587,8419288.52,533981.12,380.93,Matuu
7607,8419400.81,533866.09,389.94,Matuu
7626,8419408.68,534708.73,261.02,Fatumafuti
7628,8419413.42,534692.86,201.34,Fatumafuti
7629,8419433.44,534694.43,391.42,Fatumafuti
7638,8419557.55,534787.85,302.49,Fatumafuti
7661,8420720.73,537401.52,314.62,Laulii
7666,8420745.53,537266.61,325.87,Laulii
7669,8420672.43,537278.31,387.81,Laulii
7681,8420595.31,537401.85,381.95,Laulii
7693,8420534.14,537476.97,494.60,Laulii
7711,8420430.41,537515.87,373.86,Laulii
7736,8420317.24,537223.96,306.54,Laulii
7738,8420260.52,537108.66,440.44,Laulii
7739,8420252.34,537048.19,513.86,Laulii
7741,8420248.91,537013.85,399.01,Laulii
7745,8420263.71,536959.72,302.81,Laulii
7747,8420270.47,536905.66,459.65,Laulii
7748,8420285.38,536888.11,575.12,Laulii
7750,8420315.82,536902.44,345.37,Laulii
7758,8420319.16,536845.43,376.41,Laulii
7769,8420337.06,536729.18,519.52,Laulii
7773,8420337.89,536657.74,600.37,Laulii
7774,8420333.90,536642.79,135.99,Laulii
7789,8420610.86,537383.62,320.50,Laulii
7805,8420546.43,537343.21,302.17,Laulii
7807,8420582.13,537337.57,337.58,Laulii
7843,8420669.96,537372.13,0.00,Laulii
7845,8420646.83,537310.35,0.00,Laulii
7853,8421228.71,539760.91,340.45,Avaio
7865,8422288.01,540918.65,152.91,Fagaitua
7890,8422561.06,541399.60,476.68,Fagaitua
7893,8422581.16,541487.89,383.85,Fagaitua
7894,8422582.03,541351.31,302.17,Fagaitua
7912,8422611.79,541431.71,364.20,Fagaitua
7916,8422605.67,541391.01,1179.57,Fagaitua
7918,8422622.24,541765.46,531.82,Fagaitua
7921,8422636.45,541414.92,375.25,Fagaitua
7924,8422645.57,541800.66,600.77,Fagaitua
7929,8422656.87,541493.91,409.06,Fagaitua
7932,8422647.12,541452.92,1302.04,Fagaitua
7946,8422681.66,541533.57,308.83,Fagaitua
7947,8422678.81,541900.43,511.38,Fagaitua
7952,8422693.82,541816.41,306.13,Fagaitua
7959,8422703.09,541871.59,442.22,Fagaitua
7965,8422710.79,541684.50,323.70,Fagaitua
7979,8422278.75,540975.13,87.36,Fagaitua
8002,8421110.75,543050.18,341.05,Alofau
8008,8421562.76,542859.59,406.03,Alofau
8042,8421836.46,542849.42,388.14,Alofau
8105,8422046.99,542687.91,525.25,Alofau
8141,8421048.34,542769.06,0.00,Alofau
8142,8421034.77,542768.68,0.00,Alofau
8169,8421872.36,544591.29,306.46,Amouli
8189,8421979.09,544771.13,79.35,Amouli
8193,8421981.01,544680.82,430.30,Amouli
8196,8422003.19,544699.49,319.92,Amouli
8216,8422050.85,544874.92,406.87,Amouli
8227,8422071.96,544893.80,659.55,Amouli
8233,8422110.93,544876.49,769.86,Amouli
8289,8422943.56,546953.90,329.55,Alao
8290,8422964.61,546978.62,312.11,Alao
8291,8422973.63,546954.29,311.51,Alao
8314,8423081.60,546691.81,326.16,Alao
8330,8423140.74,546966.56,357.67,Alao
8385,8423624.52,547226.62,329.46,Alao
8405,8422929.90,546741.05,128.06,Alao
8409,8423395.97,546969.23,0.00,Alao
8425,8424510.02,546651.44,310.09,Tula
8431,8424328.17,546695.79,356.83,Tula
8440,8424865.38,546972.17,330.83,Tula
8464,8424364.61,546917.65,356.88,Tula
8473,8424314.03,546810.69,465.26,Tula
8484,8424160.65,546857.84,397.81,Tula
8554,8424310.36,546899.00,447.77,Tula
8555,8424336.12,546919.20,399.79,Tula
8560,8424289.93,546925.34,426.88,Tula
8561,8424266.98,546931.26,428.61,Tula
8564,8424304.98,546712.90,393.75,Tula
8570,8424105.48,546826.42,0.00,Tula
8571,8424115.81,546819.72,0.00,Tula
8572,8424120.52,546844.93,0.00,Tula
8585,8424396.46,545259.85,314.50,Onenoa
8590,8424383.79,545240.36,316.24,Onenoa
8644,8423520.81,542500.83,307.18,Masausi
8646,8423597.81,542503.17,497.84,Masausi
8647,8423575.11,542503.89,494.74,Masausi
8672,8423033.20,542534.77,453.24,Masausi
8675,8423248.98,542141.55,424.91,Masausi
8687,8423473.86,541071.51,335.22,Masefau
8690,8423424.66,540994.12,434.00,Masefau
8717,8423644.70,540159.57,702.17,Masefau
8722,8423762.92,539871.28,321.83,Masefau
8730,8423837.47,539778.04,462.81,Masefau
8737,8423876.55,539731.04,731.76,Masefau
8749,8423996.94,539566.64,679.19,Masefau
8755,8423713.84,539138.03,385.35,Masefau
8766,8423619.99,539233.53,358.61,Masefau
8853,8423535.47,537539.87,433.66,Afono
8858,8423594.90,537417.46,335.12,Afono
8859,8423616.25,537414.94,317.03,Afono
8866,8423555.53,537608.51,324.56,Afono
8880,8423578.30,537407.15,410.03,Afono
8881,8423586.13,537440.05,527.71,Afono
8897,8423489.08,537300.42,330.65,Afono
8898,8423457.86,537269.28,384.81,Afono
8902,8423339.07,537365.69,385.49,Afono
8919,8423482.65,537473.19,549.38,Afono
8952,8423278.17,537436.56,0.00,Afono
8960,8424362.44,535353.02,419.24,Vatia
8980,8424382.77,535138.60,339.33,Vatia
8982,8424430.61,535060.88,566.96,Vatia
9003,8424478.10,535047.76,358.81,Vatia
9007,8424509.43,535016.83,314.40,Vatia
9008,8424554.77,534966.12,309.32,Vatia
9014,8424519.77,534949.21,625.60,Vatia
9015,8424528.01,534921.64,352.69,Vatia
9024,8424441.90,534894.78,357.49,Vatia
9025,8424457.93,534878.59,450.22,Vatia
9033,8424447.10,534781.10,459.36,Vatia
9050,8424606.44,534941.70,308.72,Vatia
9073,8424877.34,535023.06,326.87,Vatia
9075,8424937.59,535049.25,560.02,Vatia
9109,8424362.60,535484.51,660.95,Vatia
9115,8424379.05,535583.77,317.70,Vatia
9127,8417409.64,525576.48,411.00,Aasu
9135,8417439.78,525338.45,364.66,Aasu
9156,8417520.93,524752.61,113.32,Aasu
9167,8417530.37,525773.43,437.17,Aasu
9169,8417533.93,524919.24,315.64,Aasu
9183,8417549.34,525114.74,450.64,Aasu
9189,8417563.75,525802.13,305.49,Aasu
9190,8417561.20,524623.13,475.86,Aasu
9192,8417565.00,524649.09,671.22,Aasu
9196,8417583.15,524575.65,586.35,Aasu
9204,8417645.16,524648.60,466.60,Aasu
9234,8416969.79,525634.28,1082.83,Aoloau
9250,8417254.68,524872.31,394.49,Aoloau
9252,8417289.57,524968.49,162.43,Aoloau
9256,8417319.65,524945.15,108.36,Aoloau
9260,8417328.15,525466.91,391.56,Aoloau
9264,8417323.09,524990.08,612.41,Aoloau
9266,8417345.21,525075.06,313.56,Aoloau
9273,8417356.99,524987.53,198.82,Aoloau
9274,8417355.30,525679.97,375.92,Aoloau
9277,8417370.02,525370.67,429.45,Aoloau
9278,8417375.21,524939.35,218.81,Aoloau
9279,8417375.55,524733.67,301.99,Aoloau
9282,8417375.42,525695.01,383.51,Aoloau
9285,8417396.95,524936.08,244.03,Aoloau
9299,8417421.83,524781.10,588.30,Aoloau
9303,8417430.99,524729.16,670.86,Aoloau
9309,8417446.61,525784.11,328.65,Aoloau
9310,8417446.03,524933.08,716.60,Aoloau
9313,8417448.97,524565.79,337.71,Aoloau
9317,8417454.63,524861.03,367.90,Aoloau
9325,8417480.67,524967.51,908.99,Aoloau
9368,8417896.20,524125.28,324.70,Aoloau
9398,8418211.27,524247.78,326.27,Aoloau
9399,8418214.94,524304.84,309.44,Aoloau
9404,8418335.08,524378.02,404.60,Aoloau
9405,8417126.46,525251.59,392.04,Aoloau
9406,8417029.52,525288.85,390.39,Aoloau
9407,8417100.23,525345.62,374.66,Aoloau
9409,8417413.11,524970.85,333.82,Aoloau
9441,8419304.35,520554.22,328.47,Fagamalo
9442,8419333.19,520541.35,310.23,Fagamalo
9473,8417008.20,518121.89,369.70,Poloa
9477,8417018.49,517764.86,807.19,Poloa
9478,8416995.89,517757.05,66.09,Poloa
9480,8417033.43,517782.07,128.47,Poloa
9483,8417267.75,517947.25,189.23,Poloa
9548,8420779.09,531283.75,330.01,Pago
9561,8420895.77,531153.31,365.64,Pago
9565,8420965.48,531534.47,308.24,Pago
9566,8420973.04,531369.21,704.68,Pago
9572,8421038.43,531268.67,449.67,Pago
9580,8421131.71,531397.07,368.55,Pago
9583,8421167.65,531339.74,328.01,Pago
9586,8421179.23,531373.46,417.99,Pago
9621,8421270.96,531291.60,350.25,Pago
9628,8421287.06,531665.73,375.40,Pago
9666,8421384.48,531841.05,323.70,Pago
9684,8421444.85,531855.65,309.55,Pago
9686,8421439.67,531465.73,765.22,Pago
9707,8421516.45,531552.94,321.04,Pago
9709,8421530.78,531523.45,301.47,Pago
9712,8421542.25,531603.73,349.77,Pago
9714,8421545.99,531678.17,476.29,Pago
9717,8421551.12,531640.90,522.11,Pago
9751,8421652.26,532450.45,346.10,Pago
9758,8421666.27,531778.22,303.14,Pago
9803,8421759.93,531754.69,467.22,Pago
9808,8421764.81,531681.76,421.87,Pago
9816,8421784.22,531767.24,409.96,Pago
9827,8421801.86,531694.61,635.67,Pago
9839,8421825.98,531714.69,315.96,Pago
9843,8421830.73,531778.28,370.18,Pago
9880,8421878.51,531755.76,584.98,Pago
9881,8421884.90,532520.95,373.06,Pago
9882,8421885.73,532571.72,310.00,Pago
9883,8421887.67,532690.50,537.01,Pago
9886,8421887.12,531725.78,343.68,Pago
9887,8421888.07,531866.54,330.58,Pago
9891,8421888.04,532726.05,1061.20,Pago
9894,8421900.75,532552.30,393.77,Pago
9902,8421899.23,531807.18,517.53,Pago
9903,8421905.55,532339.06,302.59,Pago
9905,8421907.53,532689.87,679.16,Pago
9907,8421912.33,532655.31,427.47,Pago
9910,8421905.29,532616.08,540.87,Pago
9915,8421917.21,532529.22,303.99,Pago
9930,8421932.79,531779.04,357.30,Pago
9932,8421941.23,532415.12,467.29,Pago
9947,8421952.33,532489.76,690.05,Pago
9952,8421968.22,532384.11,492.83,Pago
9964,8421978.78,531912.86,304.22,Pago
9968,8421993.94,532044.02,274.42,Pago
9971,8421994.29,531706.79,441.80,Pago
9972,8422001.48,532388.82,678.56,Pago
9973,8422004.30,531753.86,638.48,Pago
9974,8422005.13,532030.16,375.93,Pago
9979,8421999.77,532142.87,2681.87,Pago
9980,8422017.64,532096.53,622.30,Pago
9981,8422014.83,532202.60,1211.11,Pago
9986,8422038.90,532009.28,181.36,Pago
9990,8422040.49,531769.52,474.68,Pago
9991,8422054.14,531993.18,299.92,Pago
9997,8422083.09,532232.01,413.02,Pago
9998,8422084.39,532339.01,377.07,Pago
10001,8422077.05,532128.82,1334.17,Pago
10002,8422096.47,532086.99,448.67,Pago
10003,8422099.30,532026.93,342.94,Pago
10004,8422088.35,531943.49,1130.57,Pago
10007,8422108.66,531712.49,436.50,Pago
10009,8422113.73,531910.05,358.09,Pago
10012,8422131.69,531944.15,293.82,Pago
10013,8422127.40,531739.88,363.52,Pago
10022,8422155.80,531999.77,38.25,Pago
10023,8422156.29,532013.33,137.78,Pago
10026,8422167.15,532011.93,36.56,Pago
10027,8422167.05,531998.51,34.28,Pago
10037,8422200.52,533364.43,435.96,Pago
10045,8422213.97,533406.26,684.64,Pago
10052,8422231.98,531964.52,383.00,Pago
10060,8422244.78,533353.66,450.42,Pago
10061,8422242.12,532185.27,517.11,Pago
10069,8422257.32,532020.97,392.77,Pago
10072,8422264.56,532382.79,646.60,Pago
10077,8422276.05,531997.56,336.16,Pago
10078,8422277.94,533261.80,343.01,Pago
10083,8422287.89,533308.21,331.59,Pago
10085,8422283.23,533153.50,2808.25,Pago
10089,8422287.68,533370.65,1711.63,Pago
10090,8422286.19,533214.61,1138.90,Pago
10091,8422299.36,533254.57,576.26,Pago
10092,8422301.38,532179.08,310.36,Pago
10093,8422305.39,532714.30,350.75,Pago
10096,8422297.74,533050.05,2165.21,Pago
10104,8422314.06,532056.16,388.65,Pago
10109,8422318.16,532230.08,415.28,Pago
10114,8422315.45,532206.46,527.75,Pago
10115,8422321.41,532748.18,360.62,Pago
10117,8422322.05,532616.85,378.38,Pago
10119,8422323.41,531965.64,1060.89,Pago
10120,8422326.83,531900.90,387.39,Pago
10125,8422328.48,532357.48,426.32,Pago
10129,8422334.11,532535.33,388.66,Pago
10130,8422333.70,533318.73,451.33,Pago
10140,8422339.62,532479.26,424.92,Pago
10143,8422346.05,532430.40,425.42,Pago
10145,8422349.08,531950.10,620.18,Pago
10147,8422347.84,532506.86,469.51,Pago
10149,8422346.74,532840.50,466.36,Pago
10154,8422355.45,533233.80,394.59,Pago
10157,8422346.61,532383.40,518.29,Pago
10169,8422361.21,532313.22,316.19,Pago
10185,8422378.51,531853.45,346.11,Pago
10208,8422397.67,532275.94,385.78,Pago
10210,8422404.69,532390.61,380.30,Pago
10222,8422413.24,532353.36,319.44,Pago
10224,8422415.06,532735.01,382.31,Pago
10229,8422419.01,531778.64,423.18,Pago
10348,8420845.51,531856.88,397.96,Pago
10349,8420848.58,531904.43,397.96,Pago
10350,8420789.52,531893.69,397.96,Pago
10351,8420792.59,531953.52,397.96,Pago
10359,8421945.28,532693.81,0.00,Pago
10360,8421946.78,532710.24,0.00,Pago
10361,8421935.09,532692.88,0.00,Pago
10362,8421951.76,532710.60,0.00,Pago
10390,8420495.18,537988.00,342.44,Aumi
10393,8420472.00,537918.20,415.60,Aumi
10397,8420464.60,537900.30,342.59,Aumi
10405,8420496.11,537817.92,397.47,Aumi
10452,8420475.52,537999.06,88.41,Aumi
10454,8420537.61,538068.76,0.00,Aumi
10455,8420537.89,538054.86,0.00,Aumi
10589,8414546.16,528962.05,315.36,Tafuna
10638,8414644.54,529056.16,308.62,Tafuna
10670,8414675.70,529020.59,440.43,Tafuna
10719,8414725.13,529153.60,1210.39,Tafuna
10747,8414746.41,528959.99,469.53,Tafuna
10753,8414747.81,528989.79,526.26,Tafuna
10759,8414759.85,529023.73,343.34,Tafuna
10768,8414761.67,528577.19,396.38,Tafuna
10861,8414807.81,528742.33,307.41,Tafuna
10877,8414822.45,529104.83,381.98,Tafuna
10890,8414832.95,529343.00,314.12,Tafuna
10891,8414828.53,528883.61,540.81,Tafuna
10896,8414843.39,528354.60,334.77,Tafuna
10930,8414858.66,529000.00,370.86,Tafuna
10952,8414864.36,529412.50,249.16,Tafuna
10961,8414869.93,529196.36,317.49,Tafuna
10977,8414877.75,529228.60,117.50,Tafuna
10979,8414869.92,528378.76,512.61,Tafuna
11002,8414879.99,529522.31,362.18,Tafuna
11006,8414879.20,529250.51,423.18,Tafuna
11027,8414894.53,528650.23,316.81,Tafuna
11029,8414890.32,527960.64,360.94,Tafuna
11037,8414899.83,528528.79,345.90,Tafuna
11056,8414890.17,529420.44,762.64,Tafuna
11115,8414946.18,529188.56,279.23,Tafuna
11118,8414947.01,528767.31,338.33,Tafuna
11127,8414944.99,529220.08,410.60,Tafuna
11175,8414966.56,528586.94,361.62,Tafuna
11179,8414967.72,529178.92,316.62,Tafuna
11183,8414958.89,529484.90,937.59,Tafuna
11236,8414983.18,529440.82,406.19,Tafuna
11323,8415025.56,528872.20,565.64,Tafuna
11332,8415031.93,528812.91,305.26,Tafuna
11336,8415032.50,528391.35,304.92,Tafuna
11337,8415036.70,528352.75,132.84,Tafuna
11340,8415029.18,528971.39,736.45,Tafuna
11358,8415048.52,529099.60,641.09,Tafuna
11359,8415049.22,529672.81,311.68,Tafuna
11364,8415045.52,527889.59,363.65,Tafuna
11375,8415057.70,529568.36,280.62,Tafuna
11377,8415055.73,529062.00,489.09,Tafuna
11457,8415088.99,528674.72,431.95,Tafuna
11458,8415057.63,529497.59,3471.45,Tafuna
11466,8415099.81,529221.71,372.18,Tafuna
11473,8415106.76,529173.61,306.57,Tafuna
11489,8415112.19,529451.01,406.44,Tafuna
11490,8415114.48,529396.63,278.56,Tafuna
11491,8415120.80,528904.00,304.16,Tafuna
11509,8415133.66,529550.27,342.12,Tafuna
11514,8415143.26,529679.30,239.66,Tafuna
11528,8415146.60,529277.06,456.32,Tafuna
11545,8415150.17,529200.89,614.30,Tafuna
11556,8415170.55,529173.20,124.35,Tafuna
11561,8415166.37,528422.51,385.36,Tafuna
11562,8415174.32,529246.85,378.31,Tafuna
11565,8415172.33,529477.93,420.82,Tafuna
11566,8415176.48,529320.77,452.78,Tafuna
11573,8415196.07,529048.58,254.69,Tafuna
11574,8415196.22,529177.65,230.85,Tafuna
11575,8415194.46,529083.72,539.47,Tafuna
11584,8415216.16,529026.87,410.64,Tafuna
11587,8415216.37,529127.64,608.68,Tafuna
11588,8415218.91,528990.29,483.53,Tafuna
11590,8415220.37,529210.37,316.57,Tafuna
11591,8415224.56,529235.26,305.15,Tafuna
11592,8415229.55,528508.25,72.46,Tafuna
11594,8415226.68,529058.03,381.14,Tafuna
11598,8415238.79,528737.85,379.67,Tafuna
11599,8415239.97,529435.32,306.54,Tafuna
11600,8415239.40,529221.19,376.60,Tafuna
11607,8415256.68,529242.59,459.67,Tafuna
11611,8415265.37,529502.38,342.24,Tafuna
11619,8415275.51,528740.61,401.53,Tafuna
11626,8415281.42,529210.16,323.17,Tafuna
11631,8415290.04,529368.36,307.88,Tafuna
11643,8415309.01,528713.57,178.00,Tafuna
11646,8415305.43,529182.50,305.36,Tafuna
11648,8415309.02,529493.21,414.51,Tafuna
11651,8415311.97,529110.63,308.45,Tafuna
11653,8415314.51,529073.37,495.02,Tafuna
11656,8415320.66,529602.35,371.34,Tafuna
11662,8415324.75,529005.17,322.02,Tafuna
11664,8415325.78,529581.36,436.52,Tafuna
11666,8415328.84,529490.39,586.67,Tafuna
11667,8415317.33,529975.93,1328.62,Tafuna
11668,8415329.78,529303.46,337.17,Tafuna
11672,8415324.87,529248.08,1267.73,Tafuna
11677,8415339.72,528527.73,348.94,Tafuna
11679,8415347.77,529000.28,311.75,Tafuna
11682,8415344.43,529113.96,378.80,Tafuna
11684,8415351.30,528727.37,395.37,Tafuna
11688,8415354.98,529446.81,336.50,Tafuna
11691,8415349.19,529539.45,425.14,Tafuna
11696,8415355.67,529727.20,324.73,Tafuna
11698,8415365.77,529582.64,302.05,Tafuna
11699,8415366.29,529042.07,302.03,Tafuna
11706,8415373.14,529105.91,375.47,Tafuna
11707,8415372.22,530298.55,390.05,Tafuna
11708,8415378.59,529137.73,337.43,Tafuna
11714,8415383.70,528188.39,485.96,Tafuna
11718,8415361.13,528643.12,2293.12,Tafuna
11726,8415387.33,528262.48,1220.77,Tafuna
11731,8415394.36,528854.00,261.03,Tafuna
11733,8415394.82,528891.45,440.28,Tafuna
11734,8415398.29,529443.93,341.98,Tafuna
11736,8415400.67,528588.02,169.06,Tafuna
11738,8415403.48,528371.81,480.58,Tafuna
11756,8415422.61,528186.23,805.71,Tafuna
11766,8415430.40,529691.10,301.28,Tafuna
11769,8415436.07,528852.16,356.51,Tafuna
11771,8415444.69,528129.09,306.37,Tafuna
11777,8415451.74,529145.89,547.78,Tafuna
11779,8415456.27,529394.99,332.34,Tafuna
11783,8415466.05,528960.97,442.07,Tafuna
11785,8415459.11,529431.02,392.25,Tafuna
11787,8415468.38,528916.34,434.38,Tafuna
11790,8415463.45,529695.35,411.33,Tafuna
11795,8415476.55,529197.31,397.14,Tafuna
11797,8415474.96,529477.15,528.59,Tafuna
11800,8415477.42,528357.00,426.95,Tafuna
11802,8415477.79,529557.93,340.65,Tafuna
11812,8415489.95,528270.16,398.40,Tafuna
11813,8415493.32,529895.00,82.17,Tafuna
11814,8415491.14,528300.30,317.32,Tafuna
11820,8415490.86,529881.00,338.50,Tafuna
11821,8415498.96,527992.98,389.87,Tafuna
11823,8415498.61,529756.80,325.49,Tafuna
11826,8415501.03,529340.83,629.10,Tafuna
11827,8415497.04,528985.22,446.41,Tafuna
11831,8415508.69,528559.06,395.74,Tafuna
11832,8415501.41,528895.25,438.11,Tafuna
11833,8415504.82,529738.37,387.61,Tafuna
11839,8415506.88,529040.04,896.07,Tafuna
11845,8415520.99,529077.44,319.36,Tafuna
11847,8415521.48,530373.02,188.54,Tafuna
11853,8415530.02,528964.05,435.52,Tafuna
11855,8415532.09,528919.58,441.00,Tafuna
11871,8415534.89,529327.50,340.69,Tafuna
11874,8415538.29,530699.01,823.55,Tafuna
11875,8415544.33,529746.75,300.79,Tafuna
11886,8415547.15,530363.86,515.87,Tafuna
11893,8415552.02,530395.19,804.19,Tafuna
11900,8415566.78,529690.29,569.84,Tafuna
11902,8415564.80,529362.98,471.85,Tafuna
11917,8415585.50,529557.45,418.91,Tafuna
11920,8415588.57,528881.32,363.12,Tafuna
11925,8415563.75,528731.40,5121.74,Tafuna
11937,8415599.20,529504.32,336.25,Tafuna
11954,8415619.65,528212.04,302.69,Tafuna
11955,8415611.46,528387.68,367.80,Tafuna
11962,8415622.56,530332.52,304.36,Tafuna
11966,8415616.88,530257.32,699.05,Tafuna
11993,8415640.30,528391.17,340.96,Tafuna
11994,8415640.10,529517.15,553.74,Tafuna
11996,8415645.96,528112.28,360.83,Tafuna
12003,8415649.56,528196.32,336.18,Tafuna
12006,8415645.70,530350.98,758.81,Tafuna
12007,8415657.51,529599.79,301.66,Tafuna
12013,8415657.65,529696.92,303.29,Tafuna
12015,8415654.72,528646.65,473.27,Tafuna
12016,8415662.52,529233.94,350.07,Tafuna
12024,8415649.89,528690.99,2592.51,Tafuna
12025,8415668.52,529523.07,324.14,Tafuna
12027,8415658.70,529340.34,1082.65,Tafuna
12033,8415668.90,528958.27,517.97,Tafuna
12043,8415674.82,529664.27,309.13,Tafuna
12060,8415681.45,530291.47,286.69,Tafuna
12062,8415690.28,529434.54,619.19,Tafuna
12065,8415689.28,529523.79,416.34,Tafuna
12067,8415696.87,528295.23,321.73,Tafuna
12070,8415687.64,529558.53,926.22,Tafuna
12071,8415694.07,529773.10,700.26,Tafuna
12085,8415712.97,530336.77,312.53,Tafuna
12086,8415709.29,528779.95,1602.56,Tafuna
12087,8415711.71,530177.27,614.23,Tafuna
12090,8415718.58,529141.96,502.71,Tafuna
12094,8415712.87,528281.67,355.14,Tafuna
12096,8415710.53,530450.86,1406.14,Tafuna
12099,8415730.24,528293.85,310.90,Tafuna
12100,8415729.40,530618.33,336.53,Tafuna
12104,8415718.71,528676.50,1454.29,Tafuna
12105,8415732.45,529432.62,401.79,Tafuna
12106,8415729.63,529025.46,366.54,Tafuna
12112,8415734.55,530407.89,583.24,Tafuna
12117,8415743.29,529523.17,326.13,Tafuna
12119,8415750.56,529739.30,174.97,Tafuna
12124,8415734.52,529321.78,999.70,Tafuna
12125,8415749.23,529362.32,399.41,Tafuna
12127,8415742.12,528665.45,1325.17,Tafuna
12133,8415750.04,530889.58,589.35,Tafuna
12135,8415733.27,530274.02,634.36,Tafuna
12139,8415753.37,530431.46,621.03,Tafuna
12145,8415760.30,529100.04,269.77,Tafuna
12151,8415768.78,529735.25,196.75,Tafuna
12152,8415775.46,529749.07,85.96,Tafuna
12155,8415772.44,529485.75,318.77,Tafuna
12156,8415762.94,530521.11,453.98,Tafuna
12163,8415772.85,530573.90,579.73,Tafuna
12164,8415785.73,529745.30,113.47,Tafuna
12166,8415769.22,530380.11,609.17,Tafuna
12167,8415771.55,530471.50,363.54,Tafuna
12176,8415783.50,529423.37,490.03,Tafuna
12178,8415782.54,529933.95,606.97,Tafuna
12199,8415793.20,529896.72,531.19,Tafuna
12206,8415792.85,530401.62,750.27,Tafuna
12211,8415804.60,530935.42,550.96,Tafuna
12213,8415815.03,529099.47,681.37,Tafuna
12217,8415810.49,529342.83,583.61,Tafuna
12220,8415816.62,530157.01,907.39,Tafuna
12223,8415813.60,530522.10,386.36,Tafuna
12224,8415818.33,530681.72,466.44,Tafuna
12226,8415814.84,530435.75,375.26,Tafuna
12227,8415801.24,529244.66,2982.14,Tafuna
12231,8415830.71,529450.49,328.18,Tafuna
12240,8415834.97,529877.03,220.58,Tafuna
12242,8415831.17,528553.77,305.52,Tafuna
12243,8415831.35,529906.34,642.66,Tafuna
12244,8415830.74,530958.42,819.28,Tafuna
12247,8415840.72,530161.74,928.79,Tafuna
12248,8415845.43,529102.89,737.95,Tafuna
12251,8415835.56,529316.85,766.06,Tafuna
12253,8415843.29,529399.96,619.32,Tafuna
12254,8415846.27,530658.34,463.86,Tafuna
12265,8415858.12,529586.06,379.05,Tafuna
12273,8415856.72,530486.30,387.06,Tafuna
12275,8415861.62,530238.73,915.08,Tafuna
12277,8415863.34,530169.97,896.02,Tafuna
12279,8415853.14,530335.36,1767.03,Tafuna
12281,8415865.10,530436.45,478.86,Tafuna
12283,8415876.46,529499.46,439.17,Tafuna
12284,8415879.43,529098.39,333.32,Tafuna
12285,8415880.12,529121.12,359.35,Tafuna
12286,8415873.27,529372.13,812.46,Tafuna
12287,8415880.07,529146.16,347.17,Tafuna
12288,8415874.73,530634.58,455.29,Tafuna
12289,8415881.43,529168.74,305.63,Tafuna
12290,8415880.60,529191.34,354.00,Tafuna
12291,8415880.49,529215.87,373.19,Tafuna
12292,8415882.46,529073.03,349.62,Tafuna
12293,8415884.44,529236.51,331.17,Tafuna
12294,8415887.95,528410.39,349.78,Tafuna
12295,8415891.33,530702.94,542.25,Tafuna
12296,8415889.17,529631.95,364.50,Tafuna
12299,8415893.03,529462.05,431.34,Tafuna
12300,8415884.40,530746.34,941.87,Tafuna
12301,8415873.24,530922.81,1953.63,Tafuna
12302,8415884.73,529863.74,1495.52,Tafuna
12303,8415900.12,530398.24,397.63,Tafuna
12305,8415891.84,529907.03,964.25,Tafuna
12306,8415904.76,529780.12,315.93,Tafuna
12316,8415924.33,529461.22,419.99,Tafuna
12317,8415921.96,529748.00,452.53,Tafuna
12324,8415922.78,530884.87,2358.65,Tafuna
12327,8415946.20,528074.55,371.94,Tafuna
12330,8415944.69,529789.18,511.68,Tafuna
12331,8415951.15,529607.22,345.22,Tafuna
12334,8415952.00,530707.36,629.46,Tafuna
12337,8415952.38,530756.10,1180.67,Tafuna
12339,8415957.09,530218.73,494.11,Tafuna
12347,8415962.72,530158.97,223.62,Tafuna
12348,8415961.04,529566.60,501.71,Tafuna
12350,8415960.35,529301.03,1325.44,Tafuna
12360,8415978.71,529536.22,323.28,Tafuna
12370,8416001.03,528249.30,497.93,Tafuna
12377,8416012.57,529081.26,319.11,Tafuna
12378,8416002.02,529457.70,1098.87,Tafuna
12379,8416015.69,529105.86,347.83,Tafuna
12380,8416018.11,529129.34,310.27,Tafuna
12381,8416004.99,529770.80,1048.77,Tafuna
12384,8416020.98,529153.30,346.60,Tafuna
12389,8416025.94,529199.21,344.40,Tafuna
12395,8416028.54,529223.24,325.08,Tafuna
12397,8416023.40,530236.62,687.54,Tafuna
12398,8416026.01,529177.09,453.99,Tafuna
12400,8416031.46,529246.10,325.70,Tafuna
12401,8416031.54,529269.18,333.40,Tafuna
12405,8416035.03,528590.02,300.58,Tafuna
12411,8416039.06,529305.73,619.16,Tafuna
12415,8416043.80,529372.82,553.90,Tafuna
12416,8416042.18,529547.49,537.30,Tafuna
12419,8416010.20,530165.35,2957.64,Tafuna
12422,8416049.80,529086.08,387.98,Tafuna
12426,8416048.87,529761.23,490.71,Tafuna
12435,8416058.15,529400.42,360.10,Tafuna
12441,8416043.29,529479.83,965.41,Tafuna
12445,8416069.17,529243.76,310.37,Tafuna
12446,8416063.37,529954.50,785.55,Tafuna
12457,8416078.81,528136.84,391.33,Tafuna
12463,8416082.78,528562.81,321.69,Tafuna
12465,8416083.02,529997.56,529.89,Tafuna
12467,8416079.73,529751.16,581.43,Tafuna
12469,8416084.97,529950.06,785.67,Tafuna
12470,8416087.01,529153.99,380.60,Tafuna
12471,8416086.73,529411.30,386.12,Tafuna
12472,8416092.75,529440.27,332.56,Tafuna
12473,8416083.04,530035.97,455.91,Tafuna
12485,8416083.51,529868.69,4417.33,Tafuna
12489,8416102.62,529236.10,427.90,Tafuna
12496,8416111.21,530121.90,385.33,Tafuna
12500,8416113.13,529522.46,446.95,Tafuna
12503,8416120.52,529991.09,347.06,Tafuna
12505,8416102.25,530062.09,1188.07,Tafuna
12523,8416130.96,529083.12,538.39,Tafuna
12531,8416134.56,529061.68,1010.04,Tafuna
12534,8416144.36,528885.22,333.36,Tafuna
12538,8416158.12,529369.58,339.51,Tafuna
12547,8416155.40,528911.12,1675.12,Tafuna
12551,8416177.63,528554.38,313.57,Tafuna
12558,8416184.26,530238.05,568.75,Tafuna
12563,8416192.37,529498.28,482.44,Tafuna
12566,8416199.13,531042.82,889.74,Tafuna
12568,8416203.58,529962.58,890.31,Tafuna
12572,8416206.80,529172.43,399.88,Tafuna
12576,8416215.42,529365.53,315.15,Tafuna
12579,8416217.91,529789.70,340.88,Tafuna
12593,8416244.31,529565.48,373.67,Tafuna
12600,8416257.75,529753.18,354.03,Tafuna
12601,8416253.48,530832.31,621.22,Tafuna
12603,8416255.37,529379.28,400.43,Tafuna
12619,8416273.36,528852.27,357.86,Tafuna
12625,8416280.54,529945.94,342.76,Tafuna
12627,8416285.83,530238.19,397.77,Tafuna
12631,8416287.01,529724.10,341.97,Tafuna
12632,8416277.98,530481.30,617.90,Tafuna
12633,8416282.88,530441.17,931.37,Tafuna
12635,8416282.19,530372.88,535.89,Tafuna
12636,8416281.88,530415.71,666.34,Tafuna
12653,8416307.26,529765.92,400.89,Tafuna
12656,8416292.44,530328.55,838.73,Tafuna
12660,8416306.31,529850.26,445.90,Tafuna
12663,8416316.30,529982.11,448.87,Tafuna
12666,8416313.86,529900.05,591.92,Tafuna
12668,8416315.13,529589.74,361.22,Tafuna
12670,8416314.42,529417.81,626.82,Tafuna
12686,8416327.49,530622.39,605.85,Tafuna
12689,8416335.60,529720.80,408.88,Tafuna
12692,8416328.38,529820.76,786.30,Tafuna
12694,8416338.20,530252.23,585.10,Tafuna
12702,8416334.75,528855.37,837.49,Tafuna
12706,8416351.58,529695.43,380.32,Tafuna
12714,8416344.91,530445.03,1933.67,Tafuna
12715,8416343.27,530199.25,590.20,Tafuna
12716,8416357.82,529277.12,617.73,Tafuna
12717,8416356.12,529734.69,419.21,Tafuna
12722,8416351.78,530219.57,619.54,Tafuna
12726,8416358.73,529308.18,774.17,Tafuna
12727,8416351.32,530323.42,957.37,Tafuna
12728,8416363.96,529543.77,303.85,Tafuna
12729,8416362.62,529972.52,681.57,Tafuna
12731,8416366.67,529147.69,395.42,Tafuna
12733,8416360.34,530165.40,336.84,Tafuna
12739,8416372.39,529635.18,341.04,Tafuna
12741,8416370.74,530518.94,1833.04,Tafuna
12743,8416379.90,530352.23,306.98,Tafuna
12750,8416353.39,530588.41,1804.32,Tafuna
12763,8416379.52,530095.33,896.88,Tafuna
12768,8416392.06,529441.54,361.61,Tafuna
12774,8416411.84,530120.58,390.65,Tafuna
12778,8416423.86,530454.53,919.33,Tafuna
12779,8416429.54,530264.49,367.88,Tafuna
12782,8416428.36,530604.41,350.22,Tafuna
12783,8416429.78,530096.49,561.79,Tafuna
12792,8416449.20,530749.06,562.89,Tafuna
12793,8416443.40,529905.27,510.22,Tafuna
12794,8416435.67,530585.86,951.90,Tafuna
12796,8416445.50,530120.77,376.59,Tafuna
12797,8416437.18,530670.99,1009.54,Tafuna
12801,8416455.85,530639.76,457.63,Tafuna
12803,8416453.60,530470.72,552.97,Tafuna
12811,8416458.68,530802.05,600.37,Tafuna
12812,8416462.39,530028.23,374.29,Tafuna
12826,8416476.20,530336.29,448.96,Tafuna
12832,8416474.75,530692.32,1362.05,Tafuna
12834,8416478.45,530076.30,918.32,Tafuna
12843,8416488.34,530758.39,620.24,Tafuna
12858,8416511.54,530038.86,106.86,Tafuna
12866,8416512.22,530751.59,339.62,Tafuna
12872,8416519.53,529864.12,325.93,Tafuna
12876,8416517.55,530806.36,783.63,Tafuna
12881,8416527.19,529982.95,221.23,Tafuna
12890,8416531.92,530776.54,386.51,Tafuna
12904,8416540.79,530711.55,324.29,Tafuna
12906,8416547.32,529794.87,332.82,Tafuna
12916,8416559.70,529238.80,307.54,Tafuna
12917,8416556.38,529729.18,340.40,Tafuna
12927,8416563.28,530377.64,493.01,Tafuna
12929,8416559.76,530755.31,2286.41,Tafuna
12934,8416570.64,530263.68,402.00,Tafuna
12939,8416580.05,530399.50,287.74,Tafuna
12940,8416540.65,530297.57,2980.32,Tafuna
12941,8416586.21,529406.64,306.76,Tafuna
12942,8416559.82,530342.23,1811.00,Tafuna
12951,8416586.63,530358.96,250.18,Tafuna
12955,8416588.88,529839.93,423.13,Tafuna
12982,8416606.85,530731.57,515.73,Tafuna
12988,8416617.85,529461.06,481.17,Tafuna
12996,8416627.65,530726.69,319.53,Tafuna
12999,8416623.58,530008.65,438.70,Tafuna
13016,8416596.31,530027.60,6417.83,Tafuna
13017,8416642.24,529463.42,555.92,Tafuna
13027,8416655.63,530715.04,319.71,Tafuna
13029,8416663.88,529439.15,168.40,Tafuna
13033,8416658.62,529506.69,628.08,Tafuna
13034,8416659.16,530601.65,713.06,Tafuna
13039,8416675.57,529491.60,199.02,Tafuna
13043,8416677.27,529472.11,201.79,Tafuna
13048,8416685.36,529450.47,197.21,Tafuna
13052,8416674.40,530154.49,709.38,Tafuna
13054,8416645.40,530295.46,5212.24,Tafuna
13057,8416695.17,529488.82,210.73,Tafuna
13059,8416694.21,529512.22,227.40,Tafuna
13064,8416702.40,529525.66,163.58,Tafuna
13072,8416706.84,529441.16,204.04,Tafuna
13080,8416697.37,529993.62,494.28,Tafuna
13081,8416699.20,530162.71,711.02,Tafuna
13082,8416716.46,529479.68,194.71,Tafuna
13091,8416724.46,529457.94,203.17,Tafuna
13093,8416726.13,529438.56,199.42,Tafuna
13101,8416741.50,529467.43,458.86,Tafuna
13104,8416720.61,530005.43,921.93,Tafuna
13108,8416731.13,530132.15,1685.68,Tafuna
13117,8416764.01,530272.13,272.33,Tafuna
13124,8416764.74,530191.04,710.56,Tafuna
13128,8416779.47,530294.00,277.57,Tafuna
13129,8416780.51,530720.62,423.05,Tafuna
13141,8416815.78,530246.64,365.14,Tafuna
13155,8416840.15,529423.56,519.47,Tafuna
13159,8416855.29,529453.06,565.77,Tafuna
13168,8414800.51,528538.11,619.27,Tafuna
13171,8414857.72,529046.69,330.67,Tafuna
13172,8414924.14,528930.12,416.65,Tafuna
13173,8414944.63,528918.13,331.09,Tafuna
13178,8414995.88,529551.07,377.35,Tafuna
13179,8415109.45,529415.46,356.70,Tafuna
13184,8415198.59,529064.01,132.53,Tafuna
13194,8415131.72,529062.20,4261.97,Tafuna
13195,8415085.14,529138.69,647.58,Tafuna
13199,8415187.48,528670.79,429.17,Tafuna
13200,8415216.68,528684.14,429.17,Tafuna
13201,8415242.53,528696.65,429.17,Tafuna
13202,8415267.55,528704.15,429.17,Tafuna
13203,8415290.07,528712.49,429.17,Tafuna
13204,8415236.98,528530.88,383.26,Tafuna
13210,8416145.45,529746.38,354.03,Tafuna
13212,8415957.10,529916.74,1142.41,Tafuna
13213,8416001.51,529981.08,1357.14,Tafuna
13214,8415992.20,530081.68,273.96,Tafuna
13215,8416027.42,530065.81,247.54,Tafuna
13216,8416173.10,530125.53,1881.91,Tafuna
13234,8415507.81,529901.31,169.37,Tafuna
13235,8415548.93,529868.88,338.50,Tafuna
13238,8416285.31,530182.45,467.81,Tafuna
13239,8416241.28,528888.32,326.60,Tafuna
13240,8416224.82,528865.38,415.79,Tafuna
13241,8416225.53,528968.44,1113.25,Tafuna
13243,8416243.90,528845.48,357.86,Tafuna
13259,8416166.91,529427.75,303.43,Tafuna
13277,8415667.36,529451.27,167.50,Tafuna
13278,8415656.31,529307.36,1191.01,Tafuna
13282,8415636.53,529048.54,691.31,Tafuna
13286,8415441.49,529377.27,332.34,Tafuna
13302,8415037.08,527663.93,349.38,Tafuna
13306,8414981.51,528295.77,357.32,Tafuna
13335,8415737.45,528351.84,363.75,Tafuna
13340,8415471.51,528209.06,346.49,Tafuna
13341,8415533.81,528070.86,346.49,Tafuna
13342,8415534.94,528039.14,346.49,Tafuna
13356,8415596.73,528416.80,122.54,Tafuna
13373,8416530.39,529387.99,48.66,Tafuna
13381,8415250.35,527642.64,145.90,Tafuna
13387,8415407.55,527912.61,0.00,Tafuna
13388,8415419.13,527922.06,0.00,Tafuna
13389,8415425.72,527936.65,0.00,Tafuna
13421,8415900.73,518804.91,352.72,Failolo
13432,8412326.62,527314.17,311.08,Vaitogi
13433,8412330.88,527352.65,1158.44,Vaitogi
13435,8412349.41,527398.92,372.06,Vaitogi
13442,8412602.31,528269.26,322.66,Vaitogi
13461,8412865.18,528363.36,351.14,Vaitogi
13463,8412873.04,528296.82,220.74,Vaitogi
13464,8412873.38,528216.21,327.55,Vaitogi
13467,8412888.62,528426.23,331.56,Vaitogi
13470,8412897.21,528401.76,341.35,Vaitogi
13472,8412914.68,528244.46,308.42,Vaitogi
13474,8412918.09,528360.23,412.11,Vaitogi
13476,8412932.48,528272.89,513.14,Vaitogi
13480,8412942.44,528336.28,335.78,Vaitogi
13481,8412954.10,528492.07,355.14,Vaitogi
13488,8412978.70,528621.79,353.81,Vaitogi
13506,8413009.72,528294.06,318.24,Vaitogi
13509,8413013.98,528538.42,590.09,Vaitogi
13518,8413042.53,527698.64,326.44,Vaitogi
13522,8413051.00,527474.64,386.74,Vaitogi
13525,8413065.55,528573.23,369.17,Vaitogi
13527,8413071.21,528027.94,388.74,Vaitogi
13535,8413086.37,528640.40,372.71,Vaitogi
13553,8413115.94,527522.61,315.09,Vaitogi
13554,8413120.55,528409.45,415.39,Vaitogi
13562,8413151.89,528402.12,578.52,Vaitogi
13564,8413161.61,528423.16,245.92,Vaitogi
13569,8413169.70,528557.40,381.85,Vaitogi
13570,8413175.85,527611.98,327.11,Vaitogi
13575,8413189.62,528571.33,337.34,Vaitogi
13579,8413197.45,528651.89,329.11,Vaitogi
13584,8413211.80,528355.98,374.63,Vaitogi
13588,8413230.14,528470.21,311.20,Vaitogi
13598,8413261.08,528560.48,451.72,Vaitogi
13601,8413263.31,528394.69,764.23,Vaitogi
13604,8413276.60,527661.57,362.04,Vaitogi
13605,8413287.61,528413.65,367.64,Vaitogi
13607,8413304.40,528352.96,714.74,Vaitogi
13612,8413325.00,528327.06,307.97,Vaitogi
13619,8413344.83,528318.82,326.88,Vaitogi
13621,8413356.55,528440.46,346.91,Vaitogi
13628,8413384.27,528254.57,313.77,Vaitogi
13632,8413399.01,528234.07,484.25,Vaitogi
13634,8413412.16,528176.17,335.05,Vaitogi
13665,8413510.93,527510.82,42.17,Vaitogi
13674,8413516.92,527902.38,607.93,Vaitogi
13677,8413530.05,528415.88,319.54,Vaitogi
13684,8413539.02,527831.24,414.34,Vaitogi
13687,8413551.83,528058.67,515.36,Vaitogi
13708,8413663.70,528060.36,183.36,Vaitogi
13709,8413662.69,528340.27,433.92,Vaitogi
13784,8414026.77,529070.23,244.82,Vaitogi
13806,8414090.45,528876.30,370.78,Vaitogi
13828,8414939.09,525586.47,478.52,Futiga
13835,8413147.11,525827.25,305.37,Futiga
13847,8413506.14,526011.19,359.02,Futiga
13862,8413565.08,525375.53,384.27,Futiga
13867,8413584.05,526194.90,357.67,Futiga
13868,8413587.32,526150.09,363.55,Futiga
13871,8413612.24,526062.01,371.41,Futiga
13872,8413617.43,526511.42,404.68,Futiga
13877,8413629.54,526154.84,545.19,Futiga
13880,8413634.62,526252.53,467.20,Futiga
13882,8413633.84,525997.18,450.42,Futiga
13885,8413643.82,526487.55,320.70,Futiga
13886,8413645.03,526336.06,380.35,Futiga
13888,8413640.25,526458.92,595.50,Futiga
13892,8413651.45,526114.19,552.24,Futiga
13893,8413651.48,526428.69,354.01,Futiga
13900,8413661.05,525949.52,377.10,Futiga
13907,8413673.51,526423.34,321.31,Futiga
13909,8413665.75,526277.55,609.72,Futiga
13911,8413678.46,526162.45,316.84,Futiga
13912,8413677.07,525878.97,318.20,Futiga
13913,8413680.43,526100.57,327.54,Futiga
13917,8413680.25,526306.71,370.05,Futiga
13918,8413683.71,526385.12,331.40,Futiga
13921,8413689.09,526348.54,388.19,Futiga
13923,8413701.67,525773.04,525.77,Futiga
13924,8413701.82,525752.30,359.97,Futiga
13926,8413708.57,525683.71,410.40,Futiga
13930,8413709.19,525827.51,631.38,Futiga
13931,8413719.25,525854.49,537.48,Futiga
13937,8413739.89,526137.43,544.86,Futiga
13938,8413749.70,525382.55,400.86,Futiga
13939,8413755.79,526311.32,302.22,Futiga
13942,8413759.24,526372.43,213.26,Futiga
13948,8413769.70,525995.25,822.77,Futiga
13951,8413779.31,526314.58,302.08,Futiga
13954,8413783.48,525956.88,361.86,Futiga
13960,8413795.46,526282.68,356.85,Futiga
13963,8413812.67,525960.40,301.74,Futiga
13964,8413825.19,525283.77,304.32,Futiga
13970,8413858.79,525762.50,442.42,Futiga
13972,8413854.59,525249.05,633.71,Futiga
13974,8413867.95,525328.40,683.78,Futiga
13976,8413887.38,525892.15,363.53,Futiga
14000,8414434.35,525271.18,346.01,Futiga
14028,8420405.20,530385.57,345.46,Fagasa
14034,8420445.59,530411.68,432.07,Fagasa
14051,8420562.98,530340.26,511.01,Fagasa
14065,8420607.53,530146.98,164.29,Fagasa
14069,8420611.47,530326.49,434.56,Fagasa
14079,8420676.87,530421.76,322.37,Fagasa
14081,8420677.66,530295.26,306.80,Fagasa
14098,8420755.15,530242.89,760.03,Fagasa
14099,8420773.91,530278.13,799.68,Fagasa
14111,8420552.12,529627.37,327.14,Fagasa
14171,8419946.44,529642.36,238.45,Fagasa
14188,8420273.08,529770.39,303.75,Fagasa
14236,8420364.98,529995.59,450.38,Fagasa
14242,8420458.02,530010.19,910.26,Fagasa
14279,8413245.04,523249.52,386.07,Leone
14290,8413367.68,523913.77,493.90,Leone
14304,8413411.06,523428.59,585.45,Leone
14306,8413422.16,523980.57,312.52,Leone
14309,8413427.34,523645.16,445.25,Leone
14311,8413432.04,523836.04,628.29,Leone
14313,8413442.13,524044.60,327.66,Leone
14314,8413445.14,523296.70,332.55,Leone
14320,8413472.69,523446.43,314.39,Leone
14321,8413472.39,523822.09,694.75,Leone
14326,8413477.98,523866.80,586.15,Leone
14329,8413509.84,523589.03,523.59,Leone
14345,8413561.06,523874.64,66.52,Leone
14347,8413557.67,523776.50,666.43,Leone
14356,8413578.12,523814.36,782.46,Leone
14360,8413589.04,523974.25,301.16,Leone
14365,8413591.22,523751.13,690.21,Leone
14382,8413624.01,523689.57,312.40,Leone
14418,8413692.80,523497.63,365.73,Leone
14432,8413730.77,523630.35,300.36,Leone
14445,8413741.01,523330.96,309.91,Leone
14449,8413748.19,523821.57,493.73,Leone
14456,8413773.22,523256.15,304.06,Leone
14467,8413797.98,523373.84,236.06,Leone
14477,8413815.03,523372.27,467.64,Leone
14479,8413812.47,523164.51,445.61,Leone
14480,8413819.13,523754.22,393.47,Leone
14483,8413821.69,523977.36,495.69,Leone
14489,8413831.21,523348.95,341.04,Leone
14502,8413855.94,523328.03,314.98,Leone
14509,8413857.88,524008.68,481.29,Leone
14528,8413883.14,523118.86,354.02,Leone
14556,8413923.61,524569.18,387.68,Leone
14557,8413930.33,523302.75,315.05,Leone
14608,8414001.01,524113.66,392.52,Leone
14609,8414003.24,523259.25,323.03,Leone
14612,8414002.37,523320.26,444.51,Leone
14614,8414004.83,523804.03,419.20,Leone
14626,8414009.55,523843.65,463.19,Leone
14643,8414036.91,523733.51,357.26,Leone
14647,8414041.75,525001.45,812.05,Leone
14651,8414037.19,524877.88,882.35,Leone
14663,8414063.27,523656.08,419.87,Leone
14666,8414070.57,523915.32,322.62,Leone
14706,8414100.53,523198.42,318.45,Leone
14731,8414114.75,523421.30,402.85,Leone
14740,8414123.50,523624.46,338.41,Leone
14742,8414123.26,523320.78,368.62,Leone
14774,8414145.25,523336.64,390.40,Leone
14782,8414152.20,523442.09,494.40,Leone
14783,8414162.32,523351.64,307.14,Leone
14788,8414171.25,523386.89,340.11,Leone
14818,8414191.52,522972.74,453.55,Leone
14830,8414207.33,523036.26,391.68,Leone
14833,8414207.74,523411.78,493.43,Leone
14838,8414216.98,524533.49,347.65,Leone
14859,8414240.17,524534.91,450.26,Leone
14860,8414240.05,523422.97,512.82,Leone
14870,8414238.32,523383.82,749.49,Leone
14874,8414254.61,523323.23,412.86,Leone
14891,8414274.86,524451.20,598.06,Leone
14898,8414286.61,523553.26,309.65,Leone
14905,8414291.05,523611.03,333.19,Leone
14911,8414317.53,523359.24,425.89,Leone
14912,8414324.38,523768.36,398.36,Leone
14922,8414343.29,523401.24,307.38,Leone
14931,8414354.34,523536.70,399.25,Leone
14945,8414390.29,524065.87,314.60,Leone
14954,8414399.99,523744.45,361.11,Leone
14968,8414418.22,523498.89,406.96,Leone
14977,8414433.03,523132.43,316.21,Leone
14987,8414448.77,523354.78,350.89,Leone
14989,8414450.91,523925.05,385.81,Leone
14994,8414453.06,523179.18,395.90,Leone
14995,8414455.11,524071.53,400.69,Leone
14998,8414462.20,523312.61,300.01,Leone
15001,8414456.90,523869.30,898.58,Leone
15002,8414470.49,523633.52,404.47,Leone
15006,8414474.29,523843.64,257.79,Leone
15013,8414490.25,524100.07,399.00,Leone
15027,8414509.10,523168.77,407.51,Leone
15037,8414535.28,523211.17,331.30,Leone
15038,8414542.32,523150.79,420.91,Leone
15054,8414572.00,523241.94,694.46,Leone
15056,8414580.70,523513.79,555.99,Leone
15059,8414579.40,523422.00,770.32,Leone
15064,8414578.26,523469.35,1304.96,Leone
15067,8414595.98,523654.52,453.16,Leone
15070,8414610.91,523585.14,378.19,Leone
15084,8414644.74,523229.73,311.13,Leone
15085,8414639.14,523192.35,712.19,Leone
15093,8414669.49,523270.70,338.28,Leone
15098,8414687.43,523223.53,533.98,Leone
15101,8414694.52,523518.07,328.76,Leone
15104,8414713.48,523381.61,352.98,Leone
15117,8414746.27,523318.20,383.08,Leone
15120,8414751.68,523636.84,328.92,Leone
15124,8414758.48,523077.12,312.31,Leone
15129,8414777.00,523485.60,446.07,Leone
15133,8414790.21,523215.26,429.78,Leone
15135,8414812.27,523796.40,300.04,Leone
15138,8414810.20,523163.09,811.57,Leone
15142,8414832.23,523054.75,405.51,Leone
15144,8414822.05,523246.43,721.14,Leone
15145,8414835.82,523123.68,444.22,Leone
15146,8414840.12,523227.26,556.27,Leone
15148,8414844.92,523586.84,584.31,Leone
15158,8414872.09,523314.16,426.88,Leone
15165,8414884.96,523093.20,347.36,Leone
15166,8414877.86,523173.09,1078.86,Leone
15174,8414901.16,523135.66,559.67,Leone
15178,8414909.94,523236.89,363.64,Leone
15187,8414924.49,523272.58,521.85,Leone
15197,8414937.53,523352.94,558.22,Leone
15200,8414943.87,522936.51,399.90,Leone
15204,8414953.25,523300.22,345.58,Leone
15205,8414956.28,523192.68,386.97,Leone
15206,8414957.76,523026.57,321.83,Leone
15208,8414963.35,522927.04,316.91,Leone
15210,8414977.43,523185.66,319.79,Leone
15211,8414973.22,523264.23,427.64,Leone
15214,8414988.72,523233.32,336.20,Leone
15221,8415035.63,523024.06,657.79,Leone
15228,8415066.77,523505.56,309.92,Leone
15238,8415090.36,522957.48,300.70,Leone
15248,8415110.12,522970.01,406.33,Leone
15254,8415121.19,522852.84,311.48,Leone
15262,8415141.34,522894.52,514.24,Leone
15285,8415174.69,523321.74,1097.70,Leone
15288,8415205.45,522894.32,319.49,Leone
15289,8415199.87,522923.42,328.38,Leone
15296,8415223.31,523015.21,495.00,Leone
15303,8415238.73,523384.41,462.98,Leone
15307,8415251.91,523361.01,395.24,Leone
15312,8415259.39,523533.34,564.63,Leone
15314,8415269.79,523453.29,525.78,Leone
15319,8415296.97,523375.41,309.24,Leone
15323,8415324.61,522932.83,355.13,Leone
15330,8415351.89,523322.36,476.42,Leone
15341,8415396.28,523530.86,555.88,Leone
15343,8415408.60,523288.14,306.08,Leone
15345,8415426.24,523479.28,454.18,Leone
15347,8415437.08,523533.70,531.61,Leone
15352,8415463.60,523535.53,392.75,Leone
15355,8415483.79,523425.03,380.44,Leone
15356,8415500.36,523549.62,383.64,Leone
15369,8415740.05,523651.88,317.94,Leone
15378,8416049.17,523397.39,352.08,Leone
15379,8416052.42,523530.76,522.95,Leone
15392,8414475.46,523794.10,181.52,Leone
15405,8413764.90,523182.92,382.53,Leone
15533,8417006.65,528153.85,126.66,Malaeimi
15583,8412620.07,524256.50,427.82,Vailoatai
15585,8412618.29,524015.39,464.91,Vailoatai
15595,8412648.47,524343.66,338.48,Vailoatai
15601,8412660.04,524096.68,427.81,Vailoatai
15607,8412684.22,523668.49,303.10,Vailoatai
15609,8412691.36,524133.23,304.83,Vailoatai
15615,8412692.94,523570.93,418.41,Vailoatai
15629,8412743.94,523645.81,333.86,Vailoatai
15631,8412739.84,523493.56,407.33,Vailoatai
15641,8412760.20,523467.52,366.79,Vailoatai
15671,8412833.01,523616.32,1036.03,Vailoatai
15677,8412852.74,524073.75,320.57,Vailoatai
15681,8412868.04,524118.83,704.14,Vailoatai
15685,8412885.72,524080.03,566.83,Vailoatai
15735,8414066.58,528262.59,310.12,Iliili
15741,8414092.42,528585.44,594.35,Iliili
15757,8414134.99,528800.32,103.69,Iliili
15765,8414140.14,528568.66,622.47,Iliili
15787,8414193.73,528663.68,372.31,Iliili
15807,8414273.61,526412.19,220.28,Iliili
15823,8414338.24,529137.82,210.24,Iliili
15887,8414436.30,527999.29,483.19,Iliili
15957,8414242.81,528394.44,307.84,Tafuna
15961,8414286.79,528497.20,344.01,Tafuna
15967,8414328.70,528515.79,459.25,Tafuna
15977,8414374.11,528460.58,324.11,Tafuna
15981,8414367.54,528530.33,561.54,Tafuna
15985,8414405.27,528529.99,694.44,Tafuna
15987,8414404.23,528583.23,882.95,Tafuna
15999,8414454.21,528796.45,517.68,Tafuna
16001,8414460.73,528488.49,445.91,Tafuna
16011,8414491.85,528522.41,321.01,Tafuna
16017,8414509.50,528879.33,253.45,Tafuna
16019,8414511.08,528528.97,449.90,Tafuna
16043,8414559.84,528359.51,312.42,Tafuna
16051,8414593.32,528669.92,576.25,Tafuna
16059,8414662.01,528508.10,362.45,Tafuna
16097,8414762.84,528221.63,606.11,Tafuna
16123,8414791.53,528364.74,482.87,Tafuna
16141,8414840.12,528391.61,326.43,Tafuna
16147,8414849.97,528182.89,379.86,Tafuna
16159,8414871.11,528481.63,303.68,Tafuna
16175,8414885.21,527631.58,313.00,Tafuna
16233,8414963.62,528049.07,314.74,Tafuna
16297,8415049.39,528022.44,353.89,Tafuna
16329,8415091.57,528015.87,385.04,Tafuna
16399,8413730.10,529236.34,330.09,Vaitogi
16403,8413822.63,528743.41,360.52,Vaitogi
16435,8414064.61,528924.32,371.23,Vaitogi
16459,8413681.20,524710.94,345.00,Leone
16477,8413837.20,524247.66,370.89,Leone
16479,8413841.85,524696.12,320.55,Leone
16513,8413986.20,524786.95,587.55,Leone
16515,8414006.58,525051.39,707.54,Leone
16517,8414012.43,524181.41,332.68,Leone
16523,8414017.47,525018.75,817.59,Leone
16527,8414031.78,524863.08,410.96,Leone
16553,8414111.67,524273.25,475.66,Leone
16591,8414196.66,524361.73,1193.44,Leone
16607,8414227.69,524527.27,1870.88,Leone
16611,8414288.40,524269.94,421.19,Leone
16615,8414573.74,523735.85,634.84,Leone
16621,8414643.56,523887.91,225.19,Leone
